# p_bar (bar) z (km) T (K) nH2 (cm-3) nHe (cm-3) nH (cm-3) nCH4 (cm-3) nC2H2 (cm-3) nC2H4 (cm-3) nC2H6 (cm-3)
1.000000e+00    0.00  163.48 4.834450e+18 9.031966e+17 1.741354e+05 1.123760e+16 5.666910e+08 1.595860e+12 3.711250e+07
9.461324e-01    1.18  163.48 4.635711e+18 8.636920e+17 1.853106e+05 1.077259e+16 6.416127e+08 1.554053e+12 4.036768e+07
8.951665e-01    2.36  163.48 4.436971e+18 8.241874e+17 1.964858e+05 1.030758e+16 7.165344e+08 1.512246e+12 4.362286e+07
8.469460e-01    3.55  163.48 4.238232e+18 7.846827e+17 2.076611e+05 9.842564e+15 7.914561e+08 1.470438e+12 4.687804e+07
8.013230e-01    4.73  163.48 4.039492e+18 7.451781e+17 2.188363e+05 9.377552e+15 8.663777e+08 1.428631e+12 5.013322e+07
7.581576e-01    5.91  163.48 3.840753e+18 7.056735e+17 2.300115e+05 8.912541e+15 9.412994e+08 1.386824e+12 5.338841e+07
7.173175e-01    7.09  163.48 3.642013e+18 6.661688e+17 2.411867e+05 8.447529e+15 1.016221e+09 1.345017e+12 5.664359e+07
6.786773e-01    8.27  163.48 3.443274e+18 6.266642e+17 2.523619e+05 7.982517e+15 1.091143e+09 1.303209e+12 5.989877e+07
6.421186e-01    9.46  163.48 3.244534e+18 5.871595e+17 2.635371e+05 7.517505e+15 1.166064e+09 1.261402e+12 6.315395e+07
6.075292e-01   10.64  163.48 3.082836e+18 5.554943e+17 2.780260e+05 7.138412e+15 1.246888e+09 1.224406e+12 6.682786e+07
5.748030e-01   11.83  163.48 2.952693e+18 5.305075e+17 2.953378e+05 6.832514e+15 1.332738e+09 1.191507e+12 7.085850e+07
5.438397e-01   13.01  163.48 2.822551e+18 5.055208e+17 3.126496e+05 6.526617e+15 1.418589e+09 1.158609e+12 7.488914e+07
5.145444e-01   14.20  163.48 2.692409e+18 4.805340e+17 3.299614e+05 6.220719e+15 1.504439e+09 1.125711e+12 7.891978e+07
4.868271e-01   15.39  163.48 2.562266e+18 4.555473e+17 3.472732e+05 5.914822e+15 1.590290e+09 1.092813e+12 8.295042e+07
4.606029e-01   16.57  163.48 2.432124e+18 4.305605e+17 3.645850e+05 5.608924e+15 1.676140e+09 1.059914e+12 8.698106e+07
4.357913e-01   17.76  163.48 2.301981e+18 4.055738e+17 3.818968e+05 5.303027e+15 1.761991e+09 1.027016e+12 9.101170e+07
4.123163e-01   18.95  163.48 2.171839e+18 3.805870e+17 3.992086e+05 4.997129e+15 1.847841e+09 9.941177e+11 9.504234e+07
3.901058e-01   20.14  163.48 2.046810e+18 3.566456e+17 4.176023e+05 4.703428e+15 1.942068e+09 9.622813e+11 9.871284e+07
3.690917e-01   21.33  163.48 1.961595e+18 3.408427e+17 4.444183e+05 4.504684e+15 2.101509e+09 9.387122e+11 9.957948e+07
3.492096e-01   22.52  163.48 1.876380e+18 3.250399e+17 4.712343e+05 4.305940e+15 2.260949e+09 9.151430e+11 1.004461e+08
3.303985e-01   23.71  163.48 1.791165e+18 3.092370e+17 4.980503e+05 4.107196e+15 2.420389e+09 8.915739e+11 1.013128e+08
3.126007e-01   24.90  163.48 1.705950e+18 2.934341e+17 5.248664e+05 3.908452e+15 2.579830e+09 8.680048e+11 1.021794e+08
2.957617e-01   26.09  163.48 1.620734e+18 2.776312e+17 5.516824e+05 3.709707e+15 2.739270e+09 8.444357e+11 1.030460e+08
2.798297e-01   27.28  163.48 1.535519e+18 2.618283e+17 5.784984e+05 3.510963e+15 2.898711e+09 8.208666e+11 1.039127e+08
2.647559e-01   28.48  163.48 1.450304e+18 2.460254e+17 6.053145e+05 3.312219e+15 3.058151e+09 7.972974e+11 1.047793e+08
2.504942e-01   29.67  163.48 1.365089e+18 2.302225e+17 6.321305e+05 3.113475e+15 3.217592e+09 7.737283e+11 1.056460e+08
2.370006e-01   30.86  163.48 1.301079e+18 2.186064e+17 6.695546e+05 2.964919e+15 3.351840e+09 7.555925e+11 1.035704e+08
2.242340e-01   32.06  163.48 1.245286e+18 2.086127e+17 7.110893e+05 2.835812e+15 3.476326e+09 7.395621e+11 1.003547e+08
2.121550e-01   33.25  163.48 1.189493e+18 1.986189e+17 7.526240e+05 2.706704e+15 3.600812e+09 7.235317e+11 9.713907e+07
2.007267e-01   34.45  163.48 1.133700e+18 1.886252e+17 7.941588e+05 2.577596e+15 3.725298e+09 7.075012e+11 9.392340e+07
1.899141e-01   35.65  163.48 1.077907e+18 1.786314e+17 8.356935e+05 2.448489e+15 3.849784e+09 6.914708e+11 9.070774e+07
1.796838e-01   36.84  163.48 1.022114e+18 1.686377e+17 8.772282e+05 2.319381e+15 3.974271e+09 6.754404e+11 8.749207e+07
1.700047e-01   38.04  163.48 9.663215e+17 1.586440e+17 9.187629e+05 2.190273e+15 4.098757e+09 6.594100e+11 8.427641e+07
1.608469e-01   39.23  163.48 9.105286e+17 1.486502e+17 9.602976e+05 2.061166e+15 4.223243e+09 6.433795e+11 8.106074e+07
1.521825e-01   40.43  163.48 8.616691e+17 1.399787e+17 1.010035e+06 1.948342e+15 4.310994e+09 6.264425e+11 7.737386e+07
1.439848e-01   41.63  163.48 8.251423e+17 1.336592e+17 1.074362e+06 1.864483e+15 4.333403e+09 6.078926e+11 7.284877e+07
1.362287e-01   42.83  163.48 7.886155e+17 1.273397e+17 1.138689e+06 1.780625e+15 4.355811e+09 5.893428e+11 6.832369e+07
1.288904e-01   44.03  163.48 7.520888e+17 1.210201e+17 1.203015e+06 1.696767e+15 4.378220e+09 5.707929e+11 6.379861e+07
1.219473e-01   45.23  163.48 7.155620e+17 1.147006e+17 1.267342e+06 1.612908e+15 4.400629e+09 5.522431e+11 5.927353e+07
1.153783e-01   46.43  163.48 6.790352e+17 1.083811e+17 1.331669e+06 1.529050e+15 4.423037e+09 5.336933e+11 5.474845e+07
1.091632e-01   47.64  163.48 6.425085e+17 1.020615e+17 1.395996e+06 1.445191e+15 4.445446e+09 5.151434e+11 5.022337e+07
1.032828e-01   48.84  163.48 6.059817e+17 9.574201e+16 1.460323e+06 1.361333e+15 4.467854e+09 4.965936e+11 4.569829e+07
9.771921e-02   50.04  163.48 5.698394e+17 8.949329e+16 1.525726e+06 1.278370e+15 4.487731e+09 4.781551e+11 4.123054e+07
9.245531e-02   51.24  163.48 5.459280e+17 8.549746e+16 1.625344e+06 1.223910e+15 4.427038e+09 4.632593e+11 3.858667e+07
8.747496e-02   52.45  163.48 5.220166e+17 8.150164e+16 1.724963e+06 1.169449e+15 4.366346e+09 4.483635e+11 3.594281e+07
8.276289e-02   53.65  163.48 4.981052e+17 7.750581e+16 1.824581e+06 1.114988e+15 4.305653e+09 4.334678e+11 3.329895e+07
7.830465e-02   54.86  163.48 4.741939e+17 7.350998e+16 1.924200e+06 1.060527e+15 4.244961e+09 4.185720e+11 3.065508e+07
7.408657e-02   56.06  163.48 4.502825e+17 6.951416e+16 2.023818e+06 1.006067e+15 4.184268e+09 4.036762e+11 2.801122e+07
7.009570e-02   57.27  163.48 4.263711e+17 6.551833e+16 2.123437e+06 9.516060e+14 4.123576e+09 3.887804e+11 2.536736e+07
6.631981e-02   58.47  163.48 4.024598e+17 6.152251e+16 2.223055e+06 8.971452e+14 4.062884e+09 3.738847e+11 2.272350e+07
6.274732e-02   59.68  163.48 3.785484e+17 5.752668e+16 2.322674e+06 8.426844e+14 4.002191e+09 3.589889e+11 2.007963e+07
5.936727e-02   60.88  163.48 3.606809e+17 5.460614e+16 2.462275e+06 8.022550e+14 3.910324e+09 3.457532e+11 1.915009e+07
5.616930e-02   62.09  163.48 3.450291e+17 5.207979e+16 2.616535e+06 7.669694e+14 3.807027e+09 3.331262e+11 1.884902e+07
5.314359e-02   63.30  163.48 3.293774e+17 4.955344e+16 2.770794e+06 7.316838e+14 3.703731e+09 3.204991e+11 1.854795e+07
5.028087e-02   64.51  163.48 3.137256e+17 4.702709e+16 2.925054e+06 6.963981e+14 3.600435e+09 3.078721e+11 1.824688e+07
4.757236e-02   65.72  163.48 2.980738e+17 4.450074e+16 3.079313e+06 6.611125e+14 3.497139e+09 2.952451e+11 1.794581e+07
4.500975e-02   66.93  163.48 2.824220e+17 4.197439e+16 3.233573e+06 6.258269e+14 3.393842e+09 2.826180e+11 1.764474e+07
4.258518e-02   68.14  163.48 2.667703e+17 3.944804e+16 3.387832e+06 5.905413e+14 3.290546e+09 2.699910e+11 1.734367e+07
4.029122e-02   69.35  163.48 2.511185e+17 3.692169e+16 3.542092e+06 5.552557e+14 3.187250e+09 2.573639e+11 1.704260e+07
3.812083e-02   70.56  163.48 2.379698e+17 3.482547e+16 3.735510e+06 5.256902e+14 3.078672e+09 2.463836e+11 1.755273e+07
3.606735e-02   71.78  163.48 2.277254e+17 3.322833e+16 3.974362e+06 5.027615e+14 2.963965e+09 2.373138e+11 1.900407e+07
3.412449e-02   72.99  163.48 2.174810e+17 3.163118e+16 4.213213e+06 4.798328e+14 2.849259e+09 2.282441e+11 2.045540e+07
3.228628e-02   74.20  163.48 2.072366e+17 3.003403e+16 4.452065e+06 4.569041e+14 2.734552e+09 2.191744e+11 2.190674e+07
3.054710e-02   75.42  163.48 1.969922e+17 2.843689e+16 4.690917e+06 4.339755e+14 2.619846e+09 2.101047e+11 2.335807e+07
2.890160e-02   76.63  163.48 1.867478e+17 2.683974e+16 4.929769e+06 4.110468e+14 2.505139e+09 2.010350e+11 2.480941e+07
2.734474e-02   77.84  163.48 1.765034e+17 2.524259e+16 5.168621e+06 3.881181e+14 2.390433e+09 1.919652e+11 2.626074e+07
2.587174e-02   79.06  163.48 1.662590e+17 2.364544e+16 5.407473e+06 3.651894e+14 2.275726e+09 1.828955e+11 2.771208e+07
2.447809e-02   80.27  163.48 1.568047e+17 2.217942e+16 5.675551e+06 3.440517e+14 2.168504e+09 1.745835e+11 2.920358e+07
2.315951e-02   81.49  163.48 1.501000e+17 2.116979e+16 6.045354e+06 3.291476e+14 2.087331e+09 1.689087e+11 3.083492e+07
2.191197e-02   82.71  163.48 1.433954e+17 2.016016e+16 6.415157e+06 3.142435e+14 2.006158e+09 1.632339e+11 3.246626e+07
2.073162e-02   83.93  163.48 1.366908e+17 1.915053e+16 6.784960e+06 2.993394e+14 1.924985e+09 1.575590e+11 3.409759e+07
1.961486e-02   85.14  163.48 1.299862e+17 1.814091e+16 7.154763e+06 2.844353e+14 1.843812e+09 1.518842e+11 3.572893e+07
1.855825e-02   86.36  163.48 1.232816e+17 1.713128e+16 7.524566e+06 2.695312e+14 1.762640e+09 1.462094e+11 3.736026e+07
1.755856e-02   87.58  163.48 1.165770e+17 1.612165e+16 7.894369e+06 2.546271e+14 1.681467e+09 1.405346e+11 3.899160e+07
1.661273e-02   88.80  163.48 1.098724e+17 1.511202e+16 8.264172e+06 2.397230e+14 1.600294e+09 1.348598e+11 4.062293e+07
1.571784e-02   90.01  163.48 1.031952e+17 1.410678e+16 8.636370e+06 2.248806e+14 1.519478e+09 1.292073e+11 4.224180e+07
1.487115e-02   91.24  163.48 9.880749e+16 1.346860e+16 9.208873e+06 2.151938e+14 1.468556e+09 1.254260e+11 4.281744e+07
1.407008e-02   92.46  163.48 9.441981e+16 1.283042e+16 9.781375e+06 2.055071e+14 1.417633e+09 1.216446e+11 4.339308e+07
1.331216e-02   93.68  163.48 9.003212e+16 1.219224e+16 1.035388e+07 1.958204e+14 1.366710e+09 1.178633e+11 4.396872e+07
1.259506e-02   94.90  163.48 8.564444e+16 1.155406e+16 1.092638e+07 1.861337e+14 1.315788e+09 1.140819e+11 4.454436e+07
1.191660e-02   96.12  163.48 8.125676e+16 1.091588e+16 1.149888e+07 1.764469e+14 1.264865e+09 1.103006e+11 4.512000e+07
1.127468e-02   97.35  163.48 7.686908e+16 1.027770e+16 1.207139e+07 1.667602e+14 1.213942e+09 1.065192e+11 4.569563e+07
1.066734e-02   98.57  163.48 7.248139e+16 9.639516e+15 1.264389e+07 1.570735e+14 1.163019e+09 1.027379e+11 4.627127e+07
1.009272e-02   99.79  163.48 6.809371e+16 9.001335e+15 1.321639e+07 1.473867e+14 1.112097e+09 9.895654e+10 4.684691e+07
9.549045e-03  101.02  163.48 6.496181e+16 8.557597e+15 1.404868e+07 1.405086e+14 1.076723e+09 9.584602e+10 4.639805e+07
9.034660e-03  102.24  163.48 6.209070e+16 8.154238e+15 1.493492e+07 1.342136e+14 1.044579e+09 9.287481e+10 4.573643e+07
8.547985e-03  103.47  163.48 5.921958e+16 7.750880e+15 1.582115e+07 1.279187e+14 1.012435e+09 8.990360e+10 4.507480e+07
8.087525e-03  104.69  163.48 5.634847e+16 7.347522e+15 1.670739e+07 1.216238e+14 9.802904e+08 8.693239e+10 4.441318e+07
7.651869e-03  105.92  163.48 5.347736e+16 6.944163e+15 1.759363e+07 1.153289e+14 9.481462e+08 8.396118e+10 4.375156e+07
7.239681e-03  107.14  163.48 5.060625e+16 6.540805e+15 1.847987e+07 1.090340e+14 9.160019e+08 8.098997e+10 4.308994e+07
6.849697e-03  108.37  163.48 4.773514e+16 6.137447e+15 1.936610e+07 1.027390e+14 8.838576e+08 7.801876e+10 4.242831e+07
6.480720e-03  109.60  163.48 4.486403e+16 5.734088e+15 2.025234e+07 9.644412e+13 8.517133e+08 7.504755e+10 4.176669e+07
6.131619e-03  110.83  163.48 4.264658e+16 5.430502e+15 2.146423e+07 9.160228e+13 8.338361e+08 7.254617e+10 4.179024e+07
5.801323e-03  112.05  163.48 4.074946e+16 5.175806e+15 2.283570e+07 8.747250e+13 8.229501e+08 7.027502e+10 4.214954e+07
5.488820e-03  113.28  163.48 3.885233e+16 4.921110e+15 2.420716e+07 8.334271e+13 8.120640e+08 6.800388e+10 4.250884e+07
5.193150e-03  114.51  163.48 3.695520e+16 4.666415e+15 2.557863e+07 7.921292e+13 8.011780e+08 6.573273e+10 4.286814e+07
4.913407e-03  115.74  163.48 3.505808e+16 4.411719e+15 2.695009e+07 7.508313e+13 7.902920e+08 6.346158e+10 4.322744e+07
4.648734e-03  116.97  163.48 3.316095e+16 4.157023e+15 2.832156e+07 7.095335e+13 7.794059e+08 6.119044e+10 4.358675e+07
4.398317e-03  118.20  163.48 3.126382e+16 3.902328e+15 2.969303e+07 6.682356e+13 7.685199e+08 5.891929e+10 4.394605e+07
4.161391e-03  119.43  163.48 2.936670e+16 3.647632e+15 3.106449e+07 6.269377e+13 7.576339e+08 5.664814e+10 4.430535e+07
3.937226e-03  120.66  163.48 2.780619e+16 3.443588e+15 3.291193e+07 5.931122e+13 7.467588e+08 5.458261e+10 4.439137e+07
3.725137e-03  121.89  163.48 2.653428e+16 3.282969e+15 3.516744e+07 5.656929e+13 7.358932e+08 5.269336e+10 4.424310e+07
3.524473e-03  123.13  163.48 2.526238e+16 3.122351e+15 3.742294e+07 5.382735e+13 7.250275e+08 5.080411e+10 4.409483e+07
3.334618e-03  124.36  163.48 2.399047e+16 2.961732e+15 3.967844e+07 5.108542e+13 7.141619e+08 4.891485e+10 4.394656e+07
3.154990e-03  125.59  163.48 2.271856e+16 2.801113e+15 4.193395e+07 4.834349e+13 7.032962e+08 4.702560e+10 4.379829e+07
2.985038e-03  126.82  163.48 2.144665e+16 2.640495e+15 4.418945e+07 4.560155e+13 6.924306e+08 4.513635e+10 4.365002e+07
2.824241e-03  128.05  163.48 2.017474e+16 2.479876e+15 4.644496e+07 4.285962e+13 6.815649e+08 4.324710e+10 4.350175e+07
2.672106e-03  129.28  163.48 1.890283e+16 2.319257e+15 4.870046e+07 4.011768e+13 6.706993e+08 4.135784e+10 4.335348e+07
2.528166e-03  130.52  163.48 1.784786e+16 2.183192e+15 5.093391e+07 3.785442e+13 6.716863e+08 3.982856e+10 4.320004e+07
2.391980e-03  131.75  163.48 1.709315e+16 2.081113e+15 5.313683e+07 3.625372e+13 6.890796e+08 3.879754e+10 4.303944e+07
2.263130e-03  132.99  163.48 1.633845e+16 1.979035e+15 5.533976e+07 3.465301e+13 7.064730e+08 3.776653e+10 4.287883e+07
2.141220e-03  134.22  163.48 1.558375e+16 1.876956e+15 5.754268e+07 3.305231e+13 7.238664e+08 3.673551e+10 4.271823e+07
2.025878e-03  135.46  163.48 1.482905e+16 1.774877e+15 5.974561e+07 3.145161e+13 7.412597e+08 3.570449e+10 4.255763e+07
1.916748e-03  136.69  163.48 1.407435e+16 1.672798e+15 6.194853e+07 2.985091e+13 7.586531e+08 3.467347e+10 4.239703e+07
1.813498e-03  137.93  163.48 1.331964e+16 1.570720e+15 6.415145e+07 2.825020e+13 7.760464e+08 3.364246e+10 4.223642e+07
1.715809e-03  139.16  163.48 1.256494e+16 1.468641e+15 6.635438e+07 2.664950e+13 7.934398e+08 3.261144e+10 4.207582e+07
1.623382e-03  140.40  163.49 1.188817e+16 1.378615e+15 6.918588e+07 2.521410e+13 8.111714e+08 3.165126e+10 4.211827e+07
1.535935e-03  141.64  163.50 1.137566e+16 1.313991e+15 7.334213e+07 2.412709e+13 8.296161e+08 3.084038e+10 4.258866e+07
1.453198e-03  142.88  163.52 1.086314e+16 1.249366e+15 7.749839e+07 2.304008e+13 8.480608e+08 3.002950e+10 4.305905e+07
1.374917e-03  144.12  163.54 1.035062e+16 1.184742e+15 8.165464e+07 2.195307e+13 8.665055e+08 2.921862e+10 4.352943e+07
1.300854e-03  145.36  163.55 9.838108e+15 1.120118e+15 8.581090e+07 2.086606e+13 8.849502e+08 2.840774e+10 4.399982e+07
1.230780e-03  146.60  163.57 9.325592e+15 1.055493e+15 8.996715e+07 1.977905e+13 9.033949e+08 2.759685e+10 4.447021e+07
1.164481e-03  147.84  163.59 8.813075e+15 9.908690e+14 9.412341e+07 1.869204e+13 9.218396e+08 2.678597e+10 4.494060e+07
1.101753e-03  149.08  163.60 8.300559e+15 9.262447e+14 9.827966e+07 1.760503e+13 9.402843e+08 2.597509e+10 4.541099e+07
1.042404e-03  150.33  163.65 7.831277e+15 8.680156e+14 1.037571e+08 1.660972e+13 9.557482e+08 2.518168e+10 4.582869e+07
9.862522e-04  151.58  163.79 7.484140e+15 8.278536e+14 1.129669e+08 1.587347e+13 9.627910e+08 2.443761e+10 4.609755e+07
9.331251e-04  152.82  163.92 7.137002e+15 7.876917e+14 1.221768e+08 1.513721e+13 9.698338e+08 2.369353e+10 4.636641e+07
8.828599e-04  154.07  164.06 6.789864e+15 7.475298e+14 1.313866e+08 1.440096e+13 9.768767e+08 2.294946e+10 4.663527e+07
8.353023e-04  155.32  164.19 6.442726e+15 7.073678e+14 1.405964e+08 1.366471e+13 9.839195e+08 2.220539e+10 4.690412e+07
7.903066e-04  156.57  164.33 6.095588e+15 6.672059e+14 1.498063e+08 1.292846e+13 9.909623e+08 2.146132e+10 4.717298e+07
7.477346e-04  157.82  164.46 5.748451e+15 6.270439e+14 1.590161e+08 1.219220e+13 9.980051e+08 2.071725e+10 4.744184e+07
7.074559e-04  159.07  164.60 5.401313e+15 5.868820e+14 1.682260e+08 1.145595e+13 1.005048e+09 1.997318e+10 4.771070e+07
6.693470e-04  160.32  164.73 5.084686e+15 5.505940e+14 1.791165e+08 1.078441e+13 1.012090e+09 1.929234e+10 4.799849e+07
6.332908e-04  161.58  164.87 4.857547e+15 5.256680e+14 1.949363e+08 1.030265e+13 1.019129e+09 1.879695e+10 4.834181e+07
5.991770e-04  162.84  165.00 4.630407e+15 5.007420e+14 2.107562e+08 9.820893e+12 1.026169e+09 1.830156e+10 4.868513e+07
5.669007e-04  164.10  165.14 4.403267e+15 4.758160e+14 2.265760e+08 9.339136e+12 1.033209e+09 1.780617e+10 4.902845e+07
5.363631e-04  165.36  165.27 4.176127e+15 4.508899e+14 2.423958e+08 8.857379e+12 1.040248e+09 1.731078e+10 4.937177e+07
5.074705e-04  166.61  165.41 3.948987e+15 4.259639e+14 2.582157e+08 8.375622e+12 1.047288e+09 1.681539e+10 4.971508e+07
4.801343e-04  167.87  165.55 3.721848e+15 4.010379e+14 2.740355e+08 7.893865e+12 1.054327e+09 1.632001e+10 5.005840e+07
4.542706e-04  169.13  165.68 3.494708e+15 3.761119e+14 2.898554e+08 7.412109e+12 1.061367e+09 1.582462e+10 5.040172e+07
4.298001e-04  170.40  165.88 3.291266e+15 3.539543e+14 3.070466e+08 6.980615e+12 1.076089e+09 1.533926e+10 5.066078e+07
4.066478e-04  171.67  166.24 3.140421e+15 3.379414e+14 3.272816e+08 6.660681e+12 1.107864e+09 1.487617e+10 5.073283e+07
3.847427e-04  172.94  166.59 2.989576e+15 3.219284e+14 3.475166e+08 6.340747e+12 1.139639e+09 1.441308e+10 5.080488e+07
3.640175e-04  174.22  166.94 2.838731e+15 3.059154e+14 3.677517e+08 6.020813e+12 1.171413e+09 1.394999e+10 5.087692e+07
3.444087e-04  175.49  167.29 2.687886e+15 2.899024e+14 3.879867e+08 5.700879e+12 1.203188e+09 1.348690e+10 5.094897e+07
3.258562e-04  176.76  167.64 2.537040e+15 2.738894e+14 4.082217e+08 5.380945e+12 1.234962e+09 1.302381e+10 5.102102e+07
3.083031e-04  178.04  168.00 2.386195e+15 2.578764e+14 4.284567e+08 5.061010e+12 1.266737e+09 1.256072e+10 5.109307e+07
2.916956e-04  179.31  168.35 2.235350e+15 2.418635e+14 4.486918e+08 4.741076e+12 1.298511e+09 1.209763e+10 5.116512e+07
2.759826e-04  180.60  168.80 2.105796e+15 2.283157e+14 4.781581e+08 4.466299e+12 1.309753e+09 1.168245e+10 5.078982e+07
2.611161e-04  181.90  169.36 2.001206e+15 2.176582e+14 5.184477e+08 4.244467e+12 1.296921e+09 1.132345e+10 4.989002e+07
2.470504e-04  183.20  169.92 1.896616e+15 2.070008e+14 5.587374e+08 4.022636e+12 1.284089e+09 1.096446e+10 4.899022e+07
2.337424e-04  184.49  170.48 1.792026e+15 1.963433e+14 5.990270e+08 3.800804e+12 1.271257e+09 1.060546e+10 4.809043e+07
2.211512e-04  185.79  171.04 1.687436e+15 1.856859e+14 6.393167e+08 3.578972e+12 1.258425e+09 1.024647e+10 4.719063e+07
2.092383e-04  187.09  171.60 1.582846e+15 1.750284e+14 6.796063e+08 3.357140e+12 1.245592e+09 9.887469e+09 4.629083e+07
1.979672e-04  188.39  172.16 1.478256e+15 1.643710e+14 7.198960e+08 3.135308e+12 1.232760e+09 9.528472e+09 4.539103e+07
1.873032e-04  189.69  172.72 1.373666e+15 1.537135e+14 7.601856e+08 2.913477e+12 1.219928e+09 9.169475e+09 4.449124e+07
1.772136e-04  191.01  173.29 1.298425e+15 1.456615e+14 8.498767e+08 2.753895e+12 1.234123e+09 8.860598e+09 4.345689e+07
1.676675e-04  192.34  173.87 1.232368e+15 1.384248e+14 9.550246e+08 2.613791e+12 1.256775e+09 8.567403e+09 4.238043e+07
1.586357e-04  193.67  174.44 1.166310e+15 1.311880e+14 1.060173e+09 2.473686e+12 1.279427e+09 8.274208e+09 4.130398e+07
1.500903e-04  195.00  175.01 1.100253e+15 1.239512e+14 1.165320e+09 2.333582e+12 1.302078e+09 7.981013e+09 4.022753e+07
1.420053e-04  196.33  175.59 1.034195e+15 1.167145e+14 1.270468e+09 2.193477e+12 1.324730e+09 7.687817e+09 3.915108e+07
1.343558e-04  197.66  176.16 9.681374e+14 1.094777e+14 1.375616e+09 2.053373e+12 1.347382e+09 7.394622e+09 3.807462e+07
1.271184e-04  198.99  176.73 9.020799e+14 1.022409e+14 1.480764e+09 1.913268e+12 1.370033e+09 7.101427e+09 3.699817e+07
1.202708e-04  200.33  177.55 8.416840e+14 9.553187e+13 1.600438e+09 1.784630e+12 1.387275e+09 6.820716e+09 3.601577e+07
1.137921e-04  201.72  179.11 7.992228e+14 9.049442e+13 1.766127e+09 1.692313e+12 1.387379e+09 6.579551e+09 3.533128e+07
1.076624e-04  203.11  180.67 7.567616e+14 8.545697e+13 1.931816e+09 1.599995e+12 1.387483e+09 6.338387e+09 3.464679e+07
1.018629e-04  204.50  182.23 7.143004e+14 8.041952e+13 2.097505e+09 1.507678e+12 1.387588e+09 6.097223e+09 3.396230e+07
9.637579e-05  205.89  183.80 6.718392e+14 7.538207e+13 2.263193e+09 1.415361e+12 1.387692e+09 5.856058e+09 3.327781e+07
9.118425e-05  207.28  185.36 6.293780e+14 7.034462e+13 2.428882e+09 1.323044e+12 1.387796e+09 5.614894e+09 3.259332e+07
8.627237e-05  208.67  186.92 5.869168e+14 6.530717e+13 2.594571e+09 1.230727e+12 1.387900e+09 5.373730e+09 3.190883e+07
8.162509e-05  210.06  188.49 5.451316e+14 6.033696e+13 2.760833e+09 1.139711e+12 1.388437e+09 5.135830e+09 3.122154e+07
7.722814e-05  211.55  190.26 5.181143e+14 5.683579e+13 2.939629e+09 1.077135e+12 1.398421e+09 4.969252e+09 3.047313e+07
7.306804e-05  213.03  192.02 4.910970e+14 5.333463e+13 3.118425e+09 1.014558e+12 1.408406e+09 4.802674e+09 2.972471e+07
6.913204e-05  214.52  193.78 4.640797e+14 4.983346e+13 3.297220e+09 9.519810e+11 1.418390e+09 4.636097e+09 2.897629e+07
6.540806e-05  216.00  195.54 4.370624e+14 4.633229e+13 3.476016e+09 8.894043e+11 1.428374e+09 4.469519e+09 2.822787e+07
6.188468e-05  217.49  197.30 4.100451e+14 4.283113e+13 3.654812e+09 8.268275e+11 1.438359e+09 4.302941e+09 2.747945e+07
5.855110e-05  218.97  199.07 3.830278e+14 3.932996e+13 3.833607e+09 7.642507e+11 1.448343e+09 4.136363e+09 2.673103e+07
5.539709e-05  220.49  200.92 3.588085e+14 3.620556e+13 4.016085e+09 7.086319e+11 1.458702e+09 3.980511e+09 2.599752e+07
5.241298e-05  222.08  202.97 3.408689e+14 3.392674e+13 4.206824e+09 6.686291e+11 1.469903e+09 3.848730e+09 2.529745e+07
4.958962e-05  223.68  205.02 3.229292e+14 3.164792e+13 4.397563e+09 6.286263e+11 1.481104e+09 3.716949e+09 2.459738e+07
4.691835e-05  225.27  207.07 3.049896e+14 2.936911e+13 4.588302e+09 5.886235e+11 1.492305e+09 3.585168e+09 2.389731e+07
4.439097e-05  226.86  209.13 2.870500e+14 2.709029e+13 4.779042e+09 5.486206e+11 1.503505e+09 3.453386e+09 2.319724e+07
4.199973e-05  228.45  211.18 2.691104e+14 2.481147e+13 4.969781e+09 5.086178e+11 1.514706e+09 3.321605e+09 2.249718e+07
3.973730e-05  230.05  213.24 2.513092e+14 2.255714e+13 5.160597e+09 4.689626e+11 1.526091e+09 3.190203e+09 2.179123e+07
3.759675e-05  231.76  215.83 2.382662e+14 2.114444e+13 5.354039e+09 4.412561e+11 1.543824e+09 3.071816e+09 2.088330e+07
3.557150e-05  233.48  218.42 2.252232e+14 1.973174e+13 5.547480e+09 4.135495e+11 1.561557e+09 2.953428e+09 1.997536e+07
3.365535e-05  235.19  221.01 2.121802e+14 1.831903e+13 5.740922e+09 3.858429e+11 1.579289e+09 2.835041e+09 1.906743e+07
3.184242e-05  236.90  223.60 1.991372e+14 1.690633e+13 5.934364e+09 3.581364e+11 1.597022e+09 2.716654e+09 1.815949e+07
3.012714e-05  238.62  226.19 1.860942e+14 1.549363e+13 6.127806e+09 3.304298e+11 1.614755e+09 2.598267e+09 1.725156e+07
2.850426e-05  240.36  228.81 1.736833e+14 1.418142e+13 6.312663e+09 3.043637e+11 1.625552e+09 2.481643e+09 1.636368e+07
2.696881e-05  242.20  231.59 1.639109e+14 1.328869e+13 6.461687e+09 2.851450e+11 1.607401e+09 2.372382e+09 1.555952e+07
2.551606e-05  244.04  234.38 1.541385e+14 1.239596e+13 6.610712e+09 2.659263e+11 1.589251e+09 2.263121e+09 1.475535e+07
2.414157e-05  245.88  237.16 1.443661e+14 1.150323e+13 6.759736e+09 2.467077e+11 1.571100e+09 2.153859e+09 1.395119e+07
2.284112e-05  247.72  239.94 1.345937e+14 1.061050e+13 6.908760e+09 2.274890e+11 1.552949e+09 2.044598e+09 1.314702e+07
2.161073e-05  249.56  242.72 1.248212e+14 9.717764e+12 7.057784e+09 2.082704e+11 1.534798e+09 1.935337e+09 1.234286e+07
2.044661e-05  251.51  246.20 1.170620e+14 9.024371e+12 7.148505e+09 1.934601e+11 1.513994e+09 1.841250e+09 1.155854e+07
1.934520e-05  253.49  249.90 1.099370e+14 8.393782e+12 7.220857e+09 1.800387e+11 1.492353e+09 1.751943e+09 1.078047e+07
1.830312e-05  255.47  253.60 1.028120e+14 7.763193e+12 7.293209e+09 1.666173e+11 1.470712e+09 1.662637e+09 1.000240e+07
1.731717e-05  257.45  257.30 9.568695e+13 7.132604e+12 7.365560e+09 1.531960e+11 1.449071e+09 1.573331e+09 9.224331e+06
1.638434e-05  259.43  261.00 8.856194e+13 6.502015e+12 7.437912e+09 1.397746e+11 1.427430e+09 1.484025e+09 8.446261e+06
1.550175e-05  261.52  265.13 8.279538e+13 5.976992e+12 7.470517e+09 1.288351e+11 1.397917e+09 1.403169e+09 7.830206e+06
1.466671e-05  263.67  269.45 7.758294e+13 5.495031e+12 7.486908e+09 1.189080e+11 1.365193e+09 1.325761e+09 7.280238e+06
1.387665e-05  265.81  273.77 7.237051e+13 5.013071e+12 7.503299e+09 1.089810e+11 1.332470e+09 1.248353e+09 6.730271e+06
1.312915e-05  267.95  278.09 6.715808e+13 4.531111e+12 7.519691e+09 9.905390e+10 1.299746e+09 1.170945e+09 6.180303e+06
1.242191e-05  270.10  282.43 6.200819e+13 4.055429e+12 7.535581e+09 8.924592e+10 1.268169e+09 1.094362e+09 5.638322e+06
1.175277e-05  272.43  287.39 5.818996e+13 3.713412e+12 7.540810e+09 8.197346e+10 1.261024e+09 1.035339e+09 5.266355e+06
1.111968e-05  274.75  292.35 5.437173e+13 3.371394e+12 7.546040e+09 7.470100e+10 1.253878e+09 9.763170e+08 4.894389e+06
1.052069e-05  277.07  297.31 5.055350e+13 3.029377e+12 7.551269e+09 6.742854e+10 1.246732e+09 9.172945e+08 4.522423e+06
9.953962e-06  279.40  302.27 4.673527e+13 2.687360e+12 7.556499e+09 6.015607e+10 1.239586e+09 8.582720e+08 4.150456e+06
9.417766e-06  281.86  307.78 4.372812e+13 2.440420e+12 7.574912e+09 5.451869e+10 1.221918e+09 8.109046e+08 3.949035e+06
8.910453e-06  284.38  313.47 4.100565e+13 2.226850e+12 7.597953e+09 4.945520e+10 1.200556e+09 7.676281e+08 3.807472e+06
8.430468e-06  286.89  319.17 3.828318e+13 2.013280e+12 7.620994e+09 4.439171e+10 1.179194e+09 7.243515e+08 3.665909e+06
7.976339e-06  289.41  324.87 3.556071e+13 1.799710e+12 7.644035e+09 3.932821e+10 1.157832e+09 6.810750e+08 3.524347e+06
7.546673e-06  292.07  330.90 3.326847e+13 1.650337e+12 7.663606e+09 3.527136e+10 1.122631e+09 6.381867e+08 3.660373e+06
7.140151e-06  294.78  337.04 3.110949e+13 1.520848e+12 7.682102e+09 3.152629e+10 1.083145e+09 5.954186e+08 3.882374e+06
6.755528e-06  297.48  343.17 2.895050e+13 1.391359e+12 7.700598e+09 2.778121e+10 1.043659e+09 5.526505e+08 4.104376e+06
6.391624e-06  300.20  349.34 2.682621e+13 1.264409e+12 7.716333e+09 2.411355e+10 1.003589e+09 5.105270e+08 4.430721e+06
6.047322e-06  303.10  355.90 2.516037e+13 1.171021e+12 7.695584e+09 2.146885e+10 9.558140e+08 4.769230e+08 6.135977e+06
5.721568e-06  306.00  362.47 2.349452e+13 1.077632e+12 7.674836e+09 1.882414e+10 9.080389e+08 4.433190e+08 7.841233e+06
5.413360e-06  308.89  369.03 2.182867e+13 9.842440e+11 7.654087e+09 1.617944e+10 8.602638e+08 4.097150e+08 9.546489e+06
5.121755e-06  311.95  378.93 2.034963e+13 8.979584e+11 7.585249e+09 1.388800e+10 8.125245e+08 3.800585e+08 1.184268e+07
4.845859e-06  315.10  390.90 1.898582e+13 8.160544e+11 7.486746e+09 1.181448e+10 7.648073e+08 3.528372e+08 1.450341e+07
4.584824e-06  318.25  402.86 1.762202e+13 7.341503e+11 7.388243e+09 9.740965e+09 7.170901e+08 3.256158e+08 1.716414e+07
4.337850e-06  321.53  414.22 1.638432e+13 6.572597e+11 7.253591e+09 7.994836e+09 6.709254e+08 2.973981e+08 2.119811e+07
4.104181e-06  324.97  424.82 1.530438e+13 5.866405e+11 7.073719e+09 6.658237e+09 6.267028e+08 2.679339e+08 2.694988e+07
3.883098e-06  328.42  435.42 1.422444e+13 5.160213e+11 6.893847e+09 5.321639e+09 5.824802e+08 2.384697e+08 3.270165e+07
3.673925e-06  331.99  445.11 1.321982e+13 4.551062e+11 6.690149e+09 4.250920e+09 5.255813e+08 2.081844e+08 3.563678e+07
3.476019e-06  335.67  454.01 1.227935e+13 4.024568e+11 6.466156e+09 3.406668e+09 4.578854e+08 1.771998e+08 3.617282e+07
3.288774e-06  339.36  462.91 1.133887e+13 3.498073e+11 6.242164e+09 2.562415e+09 3.901894e+08 1.462151e+08 3.670887e+07
3.111616e-06  343.23  473.32 1.057870e+13 3.109577e+11 6.012172e+09 1.984063e+09 3.335610e+08 1.182855e+08 3.183333e+07
2.944000e-06  347.14  484.04 9.856686e+12 2.750287e+11 5.780910e+09 1.461985e+09 2.792749e+08 9.100249e+07 2.581251e+07
2.785414e-06  351.11  494.81 9.157534e+12 2.420197e+11 5.555720e+09 1.013429e+09 2.267677e+08 6.620920e+07 2.020747e+07
2.635371e-06  355.25  505.69 8.520998e+12 2.170084e+11 5.347162e+09 7.662455e+08 1.791328e+08 4.823507e+07 1.574122e+07
2.493409e-06  359.39  516.56 7.884462e+12 1.919971e+11 5.138604e+09 5.190619e+08 1.314979e+08 3.026094e+07 1.127497e+07
2.359095e-06  363.71  526.10 7.342003e+12 1.726514e+11 4.963892e+09 3.841955e+08 9.561752e+07 2.049287e+07 8.431248e+06
2.232016e-06  368.05  535.40 6.815769e+12 1.542827e+11 4.795018e+09 2.687000e+08 6.176433e+07 1.214007e+07 5.867356e+06
2.111783e-06  372.50  544.88 6.364997e+12 1.382188e+11 4.643940e+09 1.832370e+08 3.863283e+07 6.808409e+06 4.036855e+06
1.998026e-06  377.03  554.49 5.975464e+12 1.240253e+11 4.507305e+09 1.221456e+08 2.420205e+07 3.928419e+06 2.801507e+06
1.890397e-06  381.62  563.86 5.598992e+12 1.108695e+11 4.378465e+09 7.493969e+07 1.311548e+07 1.774369e+06 1.778097e+06
1.788566e-06  386.33  572.74 5.247356e+12 9.968665e+10 4.264451e+09 5.413802e+07 8.388196e+06 1.000751e+06 1.157702e+06
1.692220e-06  391.07  581.69 4.906311e+12 8.901573e+10 4.153583e+09 3.542266e+07 4.298674e+06 3.644478e+05 6.188220e+05
1.601064e-06  395.93  590.89 4.603056e+12 8.017153e+10 4.053945e+09 2.415241e+07 2.485037e+06 2.181579e+05 3.708287e+05
1.514819e-06  400.83  600.04 4.310750e+12 7.162578e+10 3.955444e+09 1.385040e+07 9.068345e+05 8.885010e+04 1.528455e+05
1.433219e-06  405.85  609.00 4.074026e+12 6.459505e+10 3.862720e+09 8.463319e+06 5.237273e+05 4.574448e+04 8.719649e+04
1.356015e-06  410.91  618.00 3.840662e+12 5.780948e+10 3.770028e+09 3.762634e+06 1.922509e+05 9.402503e+03 3.056825e+04
1.282970e-06  416.09  627.13 3.623100e+12 5.217659e+10 3.677483e+09 2.289165e+06 1.035262e+05 4.861121e+03 1.635304e+04
1.213859e-06  421.30  635.86 3.410050e+12 4.680151e+10 3.583666e+09 1.059093e+06 3.241602e+04 1.268222e+03 4.987108e+03
1.148472e-06  426.62  643.35 3.210885e+12 4.221953e+10 3.485934e+09 5.777790e+05 1.549261e+04 5.931173e+02 2.386356e+03
1.086606e-06  431.98  650.43 3.016636e+12 3.793006e+10 3.386374e+09 2.307501e+05 3.871173e+03 1.338066e+02 6.005781e+02
1.028073e-06  437.42  656.81 2.830931e+12 3.414898e+10 3.283638e+09 1.171139e+05 1.464748e+03 4.955324e+01 2.312555e+02
9.726934e-07  442.90  663.26 2.652579e+12 3.068946e+10 3.179647e+09 4.759293e+04 2.317542e+02 6.815933e+00 4.011584e+01
9.202967e-07  448.43  669.76 2.480903e+12 2.752189e+10 3.074517e+09 1.812518e+04 6.414020e+01 1.771802e+00 1.075169e+01
8.707225e-07  454.04  676.15 2.321174e+12 2.469725e+10 2.969268e+09 6.484169e+03 1.033796e+01 2.127817e-01 1.523622e+00
8.238187e-07  459.68  682.49 2.166157e+12 2.200785e+10 2.863972e+09 1.873065e+03 1.417013e+00 2.810281e-02 2.361418e-01
7.794416e-07  465.40  688.15 2.037458e+12 1.970389e+10 2.760424e+09 8.529267e+02 4.449470e-01 8.401982e-03 7.866594e-02
7.374549e-07  471.14  693.79 1.914907e+12 1.749829e+10 2.657672e+09 1.881659e+02 4.815922e-02 6.162907e-04 6.757469e-03
6.977300e-07  476.96  699.50 1.810938e+12 1.559892e+10 2.557738e+09 7.989267e+01 1.798127e-02 3.384418e-04 2.464511e-03
6.601449e-07  482.81  705.25 1.710873e+12 1.386219e+10 2.460063e+09 1.751998e+01 1.614098e-03 1.879468e-04 2.027539e-04
6.245845e-07  488.71  711.05 1.615097e+12 1.230423e+10 2.364870e+09 5.596245e+00 4.262592e-04 1.774256e-04 1.734777e-04
5.909396e-07  494.68  716.17 1.525322e+12 1.097901e+10 2.274145e+09 1.756147e+00 1.598707e-04 1.675632e-04 1.598707e-04
5.591071e-07  500.66  721.03 1.437937e+12 9.746547e+09 2.185376e+09 3.249242e-01 1.507117e-04 1.579634e-04 1.507117e-04
5.289893e-07  506.71  725.22 1.356351e+12 8.739410e+09 2.102347e+09 1.328499e-01 1.421611e-04 1.490009e-04 1.421611e-04
5.004939e-07  512.79  729.43 1.275527e+12 7.822953e+09 2.022463e+09 2.111588e-02 1.336900e-04 1.401222e-04 1.336900e-04
4.735335e-07  518.90  733.66 1.195611e+12 7.014449e+09 1.946323e+09 5.026046e-03 1.253135e-04 1.313431e-04 1.253135e-04
4.480254e-07  525.06  737.92 1.121640e+12 6.326902e+09 1.876005e+09 1.128433e-03 1.175608e-04 1.232174e-04 1.175608e-04
4.238913e-07  531.24  742.18 1.050294e+12 5.688051e+09 1.808404e+09 1.480049e-04 1.100831e-04 1.153798e-04 1.100831e-04
4.010573e-07  537.47  746.40 9.842475e+11 5.138158e+09 1.746590e+09 1.141179e-04 1.031603e-04 1.081237e-04 1.031603e-04
3.794533e-07  543.73  749.92 9.221366e+11 4.638983e+09 1.689138e+09 9.665024e-05 9.665024e-05 1.013004e-04 9.665024e-05
3.590130e-07  550.01  752.97 8.627361e+11 4.174616e+09 1.634682e+09 9.042451e-05 9.042451e-05 9.477510e-05 9.042451e-05
3.396739e-07  556.33  756.04 8.157680e+11 3.777760e+09 1.587625e+09 8.550171e-05 8.550171e-05 8.961550e-05 8.550171e-05
3.213764e-07  562.67  759.12 7.703749e+11 3.404262e+09 1.543654e+09 8.074400e-05 8.074400e-05 8.462889e-05 8.074400e-05
3.040646e-07  569.04  762.21 7.271584e+11 3.063046e+09 1.503948e+09 7.621443e-05 7.621443e-05 7.988135e-05 7.621443e-05
2.876854e-07  575.44  765.32 6.868748e+11 2.761366e+09 1.469477e+09 7.199225e-05 7.199225e-05 7.545599e-05 7.199225e-05
2.721885e-07  581.86  768.44 6.480306e+11 2.478093e+09 1.437084e+09 6.792092e-05 6.792092e-05 7.118878e-05 6.792092e-05
2.575263e-07  588.32  771.57 6.114476e+11 2.222841e+09 1.407512e+09 6.408655e-05 6.408655e-05 6.717000e-05 6.408655e-05
2.436540e-07  594.79  774.07 5.770483e+11 1.992631e+09 1.379411e+09 6.048115e-05 6.048115e-05 6.339116e-05 6.048115e-05
2.305289e-07  601.29  776.33 5.439650e+11 1.777215e+09 1.351873e+09 5.701370e-05 5.701370e-05 5.975688e-05 5.701370e-05
2.181109e-07  607.81  778.48 5.130879e+11 1.585890e+09 1.324510e+09 5.377739e-05 5.377739e-05 5.636480e-05 5.377739e-05
2.063618e-07  614.35  780.64 4.838898e+11 1.413137e+09 1.296227e+09 5.071710e-05 5.071710e-05 5.315723e-05 5.071710e-05
1.952456e-07  620.90  782.81 4.558600e+11 1.253286e+09 1.267094e+09 4.777928e-05 4.777928e-05 5.007804e-05 4.777928e-05
1.847281e-07  627.48  784.98 4.298334e+11 1.115467e+09 1.235557e+09 4.505140e-05 4.505140e-05 4.721896e-05 4.505140e-05
1.747773e-07  634.08  787.16 4.057224e+11 9.916816e+08 1.201581e+09 4.252430e-05 4.252430e-05 4.457028e-05 4.252430e-05
1.653624e-07  640.70  789.35 3.832091e+11 8.786526e+08 1.165613e+09 4.016464e-05 4.016464e-05 4.209709e-05 4.016464e-05
1.564548e-07  647.34  791.54 3.642171e+11 7.833255e+08 1.125523e+09 3.817408e-05 3.817408e-05 4.001073e-05 3.817408e-05
1.480269e-07  653.99  794.11 3.460166e+11 6.979245e+08 1.083708e+09 3.626647e-05 3.626647e-05 3.801135e-05 3.626647e-05
1.400531e-07  660.67  796.95 3.284688e+11 6.205201e+08 1.040726e+09 3.442727e-05 3.442727e-05 3.608368e-05 3.442727e-05
1.325087e-07  667.38  799.84 3.120208e+11 5.551988e+08 9.976375e+08 3.270329e-05 3.270329e-05 3.427670e-05 3.270329e-05
1.253708e-07  674.11  802.75 2.962648e+11 4.965303e+08 9.558707e+08 3.105192e-05 3.105192e-05 3.254587e-05 3.105192e-05
1.186174e-07  680.86  805.66 2.809208e+11 4.432595e+08 9.154550e+08 2.944373e-05 2.944373e-05 3.086033e-05 2.944373e-05
1.122277e-07  687.65  808.59 2.653607e+11 3.977664e+08 8.784955e+08 2.781283e-05 2.781283e-05 2.915094e-05 2.781283e-05
1.061823e-07  694.46  811.53 2.499917e+11 3.570483e+08 8.450295e+08 2.620196e-05 2.620196e-05 2.746258e-05 2.620196e-05
1.004625e-07  701.29  814.61 2.349544e+11 3.199931e+08 8.146221e+08 2.462587e-05 2.462587e-05 2.581069e-05 2.462587e-05
9.505083e-08  708.15  818.30 2.209155e+11 2.878351e+08 7.894389e+08 2.315445e-05 2.315445e-05 2.426843e-05 2.315445e-05
8.993067e-08  715.05  822.23 2.076934e+11 2.593565e+08 7.687891e+08 2.176865e-05 2.176865e-05 2.281598e-05 2.176865e-05
8.508632e-08  721.98  826.26 1.950640e+11 2.334351e+08 7.508946e+08 2.044496e-05 2.044496e-05 2.142863e-05 2.044496e-05
8.050292e-08  728.94  830.30 1.831702e+11 2.105436e+08 7.357345e+08 1.919835e-05 1.919835e-05 2.012201e-05 1.919835e-05
7.616642e-08  735.94  834.37 1.731629e+11 1.906678e+08 7.218171e+08 1.814950e-05 1.814950e-05 1.902270e-05 1.814950e-05
7.206351e-08  742.98  838.46 1.638659e+11 1.725963e+08 7.078420e+08 1.717507e-05 1.717507e-05 1.800142e-05 1.717507e-05
6.818162e-08  750.04  842.56 1.550809e+11 1.562701e+08 6.934663e+08 1.625429e-05 1.625429e-05 1.703637e-05 1.625429e-05
6.450884e-08  757.15  847.39 1.468831e+11 1.423321e+08 6.764922e+08 1.539508e-05 1.539508e-05 1.613574e-05 1.539508e-05
6.103390e-08  764.30  852.30 1.390132e+11 1.294147e+08 6.569793e+08 1.457019e-05 1.457019e-05 1.527118e-05 1.457019e-05
5.774615e-08  771.49  857.28 1.314507e+11 1.174230e+08 6.349703e+08 1.377751e-05 1.377751e-05 1.444039e-05 1.377751e-05
5.463550e-08  778.73  862.29 1.242297e+11 1.063755e+08 6.098687e+08 1.302069e-05 1.302069e-05 1.364711e-05 1.302069e-05
5.169242e-08  786.01  867.33 1.170042e+11 9.603121e+07 5.832366e+08 1.226336e-05 1.226336e-05 1.285338e-05 1.226336e-05
4.890787e-08  793.33  872.41 1.100167e+11 8.613680e+07 5.562614e+08 1.153099e-05 1.153099e-05 1.208578e-05 1.153099e-05
4.627332e-08  800.69  877.52 1.033636e+11 7.667593e+07 5.294008e+08 1.083369e-05 1.083369e-05 1.135490e-05 1.083369e-05
4.378069e-08  808.10  882.68 9.715565e+10 6.791573e+07 5.038500e+08 1.018298e-05 1.018298e-05 1.067291e-05 1.018298e-05
4.142232e-08  815.55  887.88 9.128541e+10 5.992975e+07 4.802262e+08 9.567726e-06 9.567726e-06 1.002806e-05 9.567726e-06
3.919100e-08  823.05  893.11 8.571971e+10 5.267830e+07 4.586695e+08 8.984400e-06 8.984400e-06 9.416665e-06 8.984400e-06
3.707988e-08  830.58  898.36 8.049983e+10 4.620180e+07 4.394433e+08 8.437294e-06 8.437294e-06 8.843237e-06 8.437294e-06
3.508247e-08  838.17  903.65 7.611561e+10 4.078286e+07 4.234561e+08 7.977780e-06 7.977780e-06 8.361614e-06 7.977780e-06
3.319266e-08  845.81  909.17 7.194443e+10 3.617222e+07 4.095165e+08 7.540590e-06 7.540590e-06 7.903387e-06 7.540590e-06
3.140465e-08  853.49  914.87 6.795904e+10 3.221602e+07 3.971131e+08 7.122875e-06 7.122875e-06 7.465575e-06 7.122875e-06
2.971296e-08  861.21  920.70 6.415505e+10 2.884024e+07 3.859919e+08 6.724175e-06 6.724175e-06 7.047695e-06 6.724175e-06
2.811239e-08  868.99  926.58 6.055753e+10 2.599576e+07 3.759955e+08 6.347114e-06 6.347114e-06 6.652492e-06 6.347114e-06
2.659804e-08  876.83  932.50 5.715952e+10 2.353874e+07 3.666780e+08 5.990964e-06 5.990964e-06 6.279210e-06 5.990964e-06
2.516527e-08  884.71  938.31 5.388141e+10 2.132673e+07 3.576313e+08 5.647382e-06 5.647382e-06 5.919100e-06 5.647382e-06
2.380968e-08  892.64  943.97 5.069574e+10 1.931542e+07 3.486468e+08 5.313490e-06 5.313490e-06 5.569143e-06 5.313490e-06
2.252711e-08  900.61  949.49 4.758950e+10 1.746463e+07 3.395183e+08 4.987922e-06 4.987922e-06 5.227904e-06 4.987922e-06
2.131362e-08  908.64  955.05 4.468186e+10 1.575930e+07 3.299429e+08 4.683164e-06 4.683164e-06 4.908486e-06 4.683164e-06
2.016551e-08  916.72  960.64 4.194048e+10 1.415596e+07 3.200347e+08 4.395840e-06 4.395840e-06 4.607338e-06 4.395840e-06
1.907924e-08  924.84  966.25 3.934397e+10 1.265689e+07 3.099356e+08 4.123696e-06 4.123696e-06 4.322096e-06 4.123696e-06
1.805149e-08  933.01  971.56 3.688750e+10 1.127371e+07 2.997430e+08 3.866229e-06 3.866229e-06 4.052237e-06 3.866229e-06
1.707910e-08  941.22  976.33 3.461258e+10 1.001676e+07 2.895536e+08 3.627797e-06 3.627797e-06 3.802334e-06 3.627797e-06
1.615909e-08  949.47  981.12 3.274465e+10 8.901705e+06 2.794785e+08 3.432007e-06 3.432007e-06 3.597136e-06 3.432007e-06
1.528864e-08  957.77  985.94 3.099774e+10 7.938594e+06 2.696550e+08 3.248915e-06 3.248915e-06 3.405227e-06 3.248915e-06
1.446507e-08  966.11  990.79 2.933357e+10 7.097135e+06 2.601289e+08 3.074491e-06 3.074491e-06 3.222410e-06 3.074491e-06
1.368587e-08  974.50  995.81 2.774784e+10 6.369228e+06 2.509612e+08 2.908289e-06 2.908289e-06 3.048211e-06 2.908289e-06
1.294865e-08  982.92 1001.39 2.623727e+10 5.739678e+06 2.422062e+08 2.749965e-06 2.749965e-06 2.882269e-06 2.749965e-06
1.225114e-08  991.39 1007.79 2.479841e+10 5.187887e+06 2.339111e+08 2.599154e-06 2.599154e-06 2.724206e-06 2.599154e-06
1.159120e-08  999.92 1014.23 2.342876e+10 4.693505e+06 2.261208e+08 2.455596e-06 2.455596e-06 2.573748e-06 2.455596e-06
1.096681e-08 1008.51 1020.73 2.215678e+10 4.244322e+06 2.188926e+08 2.322275e-06 2.322275e-06 2.434013e-06 2.322275e-06
1.037605e-08 1017.16 1027.06 2.095871e+10 3.820212e+06 2.120779e+08 2.196714e-06 2.196714e-06 2.302403e-06 2.196714e-06
9.817117e-09 1025.85 1031.94 1.982096e+10 3.415045e+06 2.056411e+08 2.077465e-06 2.077465e-06 2.177414e-06 2.077465e-06
9.288292e-09 1034.58 1036.14 1.873892e+10 3.028784e+06 1.995467e+08 1.964052e-06 1.964052e-06 2.058549e-06 1.964052e-06
8.787954e-09 1043.35 1040.35 1.771069e+10 2.666622e+06 1.937576e+08 1.856283e-06 1.856283e-06 1.945595e-06 1.856283e-06
8.314568e-09 1052.16 1044.60 1.671266e+10 2.335486e+06 1.882367e+08 1.751677e-06 1.751677e-06 1.835952e-06 1.751677e-06
7.866682e-09 1061.00 1049.46 1.569649e+10 2.039584e+06 1.829477e+08 1.645171e-06 1.645171e-06 1.724327e-06 1.645171e-06
7.442922e-09 1069.90 1058.88 1.471854e+10 1.780583e+06 1.778493e+08 1.542675e-06 1.542675e-06 1.616899e-06 1.542675e-06
7.041990e-09 1078.89 1067.68 1.379895e+10 1.561341e+06 1.729127e+08 1.446289e-06 1.446289e-06 1.515870e-06 1.446289e-06
6.662655e-09 1087.94 1072.96 1.293046e+10 1.375132e+06 1.681048e+08 1.355258e-06 1.355258e-06 1.420463e-06 1.355258e-06
6.303753e-09 1097.04 1077.77 1.211212e+10 1.218159e+06 1.634147e+08 1.269483e-06 1.269483e-06 1.330565e-06 1.269483e-06
5.964185e-09 1106.17 1082.61 1.138506e+10 1.086571e+06 1.588254e+08 1.193280e-06 1.193280e-06 1.250694e-06 1.193280e-06
5.642908e-09 1115.35 1087.18 1.073126e+10 9.769712e+05 1.543204e+08 1.124761e-06 1.124761e-06 1.178874e-06 1.124761e-06
5.338938e-09 1124.57 1091.25 1.012077e+10 8.864717e+05 1.498853e+08 1.060773e-06 1.060773e-06 1.111812e-06 1.060773e-06
5.051342e-09 1133.82 1095.01 9.542696e+09 8.123727e+05 1.455069e+08 1.000180e-06 1.000180e-06 1.048309e-06 1.000180e-06
4.779239e-09 1143.11 1098.78 8.995531e+09 7.509444e+05 1.411727e+08 9.428335e-07 9.428335e-07 9.881982e-07 9.428335e-07
4.521792e-09 1152.42 1102.58 8.477889e+09 6.969852e+05 1.368703e+08 8.885786e-07 8.885786e-07 9.313306e-07 8.885786e-07
4.278214e-09 1161.78 1106.45 7.993209e+09 6.456994e+05 1.325898e+08 8.377787e-07 8.377787e-07 8.780870e-07 8.377787e-07
4.047757e-09 1171.17 1110.66 7.554653e+09 5.934566e+05 1.283299e+08 7.918136e-07 7.918136e-07 8.299100e-07 7.918136e-07
3.829714e-09 1180.59 1115.11 7.138479e+09 5.379793e+05 1.241169e+08 7.481928e-07 7.481928e-07 7.841907e-07 7.481928e-07
3.623416e-09 1190.06 1119.58 6.743574e+09 4.803334e+05 1.199867e+08 7.068028e-07 7.068028e-07 7.408086e-07 7.068028e-07
3.428231e-09 1199.57 1124.07 6.369918e+09 4.243392e+05 1.159801e+08 6.676391e-07 6.676391e-07 6.997612e-07 6.676391e-07
3.243561e-09 1209.12 1128.57 6.015542e+09 3.726375e+05 1.121218e+08 6.304961e-07 6.304961e-07 6.608313e-07 6.304961e-07
3.068838e-09 1218.71 1133.11 5.697102e+09 3.267197e+05 1.084363e+08 5.971200e-07 5.971200e-07 6.258497e-07 5.971200e-07
2.903527e-09 1228.34 1137.44 5.396779e+09 2.873123e+05 1.049464e+08 5.656432e-07 5.656432e-07 5.928577e-07 5.656432e-07
2.747121e-09 1238.00 1141.63 5.111251e+09 2.540192e+05 1.016721e+08 5.357168e-07 5.357168e-07 5.614920e-07 5.357168e-07
2.599140e-09 1247.71 1145.82 4.839770e+09 2.255869e+05 9.862795e+07 5.072626e-07 5.072626e-07 5.316682e-07 5.072626e-07
2.459130e-09 1257.45 1150.02 4.581710e+09 2.008711e+05 9.579822e+07 4.802153e-07 4.802153e-07 5.033192e-07 4.802153e-07
2.326663e-09 1267.23 1154.24 4.329956e+09 1.789964e+05 9.314496e+07 4.538285e-07 4.538285e-07 4.756629e-07 4.538285e-07
2.201331e-09 1277.05 1158.65 4.084120e+09 1.593079e+05 9.062830e+07 4.280619e-07 4.280619e-07 4.486573e-07 4.280619e-07
2.082751e-09 1286.92 1163.35 3.849423e+09 1.413757e+05 8.821119e+07 4.034631e-07 4.034631e-07 4.228754e-07 4.034631e-07
1.970558e-09 1296.82 1168.16 3.627248e+09 1.251246e+05 8.585949e+07 3.801764e-07 3.801764e-07 3.984681e-07 3.801764e-07
1.864409e-09 1306.77 1172.99 3.416972e+09 1.106152e+05 8.354201e+07 3.581370e-07 3.581370e-07 3.753682e-07 3.581370e-07
1.763977e-09 1316.77 1177.84 3.222036e+09 9.785777e+04 8.123002e+07 3.377063e-07 3.377063e-07 3.539539e-07 3.377063e-07
1.668956e-09 1326.81 1182.60 3.043150e+09 8.679905e+04 7.889741e+07 3.189568e-07 3.189568e-07 3.343020e-07 3.189568e-07
1.579053e-09 1336.89 1186.89 2.875310e+09 7.734234e+04 7.652129e+07 3.013647e-07 3.013647e-07 3.158645e-07 3.013647e-07
1.493993e-09 1347.01 1191.00 2.716120e+09 6.928677e+04 7.408554e+07 2.846800e-07 2.846800e-07 2.983770e-07 2.846800e-07
1.413516e-09 1357.17 1195.14 2.565189e+09 6.234597e+04 7.160189e+07 2.688608e-07 2.688608e-07 2.817962e-07 2.688608e-07
1.337373e-09 1367.37 1199.29 2.420756e+09 5.626148e+04 6.910179e+07 2.537226e-07 2.537226e-07 2.659300e-07 2.537226e-07
1.265332e-09 1377.61 1203.75 2.272283e+09 5.083278e+04 6.661732e+07 2.381612e-07 2.381612e-07 2.496195e-07 2.381612e-07
1.197171e-09 1387.89 1208.78 2.128495e+09 4.590585e+04 6.417684e+07 2.230904e-07 2.230904e-07 2.338238e-07 2.230904e-07
1.132683e-09 1398.22 1213.98 1.993181e+09 4.136434e+04 6.180546e+07 2.089078e-07 2.089078e-07 2.189589e-07 2.089078e-07
1.071668e-09 1408.60 1219.02 1.865874e+09 3.714158e+04 5.952609e+07 1.955652e-07 1.955652e-07 2.049740e-07 1.955652e-07
1.013939e-09 1419.01 1220.31 1.746331e+09 3.325109e+04 5.736194e+07 1.830355e-07 1.830355e-07 1.918415e-07 1.830355e-07
9.593209e-10 1429.43 1221.03 1.643191e+09 2.971913e+04 5.533335e+07 1.722248e-07 1.722248e-07 1.805118e-07 1.722248e-07
9.076446e-10 1439.86 1221.75 1.561926e+09 2.655156e+04 5.345443e+07 1.637077e-07 1.637077e-07 1.715840e-07 1.637077e-07
8.587519e-10 1450.30 1222.56 1.485579e+09 2.375040e+04 5.174113e+07 1.557057e-07 1.557057e-07 1.631970e-07 1.557057e-07
8.124930e-10 1460.77 1226.81 1.412829e+09 2.128959e+04 5.019156e+07 1.480803e-07 1.480803e-07 1.552044e-07 1.480803e-07
7.687260e-10 1471.28 1231.23 1.343195e+09 1.914059e+04 4.878296e+07 1.407826e-07 1.407826e-07 1.475557e-07 1.407826e-07
7.273165e-10 1481.83 1235.54 1.274944e+09 1.726720e+04 4.749377e+07 1.336285e-07 1.336285e-07 1.400573e-07 1.336285e-07
6.881377e-10 1492.42 1239.20 1.207406e+09 1.560633e+04 4.630482e+07 1.265494e-07 1.265494e-07 1.326385e-07 1.265494e-07
6.510694e-10 1503.04 1242.55 1.143225e+09 1.410256e+04 4.519859e+07 1.198233e-07 1.198233e-07 1.255879e-07 1.198233e-07
6.159978e-10 1513.70 1245.90 1.082259e+09 1.271418e+04 4.415857e+07 1.134330e-07 1.134330e-07 1.188901e-07 1.134330e-07
5.828155e-10 1524.40 1249.06 1.023104e+09 1.141112e+04 4.316942e+07 1.072327e-07 1.072327e-07 1.123920e-07 1.072327e-07
5.514206e-10 1535.12 1250.56 9.643062e+08 1.017991e+04 4.221743e+07 1.010703e-07 1.010703e-07 1.059333e-07 1.010703e-07
5.217169e-10 1545.85 1250.56 9.077717e+08 9.034866e+03 4.129037e+07 9.514476e-08 9.514476e-08 9.972256e-08 9.514476e-08
4.936132e-10 1556.60 1250.56 8.544943e+08 8.000101e+03 4.037622e+07 8.956073e-08 8.956073e-08 9.386974e-08 8.956073e-08
4.670234e-10 1567.36 1251.52 8.042722e+08 7.088627e+03 3.946315e+07 8.429687e-08 8.429687e-08 8.835262e-08 8.429687e-08
4.418660e-10 1578.14 1254.32 7.572721e+08 6.303702e+03 3.854024e+07 7.937073e-08 7.937073e-08 8.318948e-08 7.937073e-08
4.180637e-10 1588.95 1257.58 7.146833e+08 5.638122e+03 3.760302e+07 7.490697e-08 7.490697e-08 7.851096e-08 7.490697e-08
3.955436e-10 1599.81 1260.86 6.746929e+08 5.068226e+03 3.665258e+07 7.071549e-08 7.071549e-08 7.411774e-08 7.071549e-08
3.742366e-10 1610.70 1264.33 6.369154e+08 4.572495e+03 3.569029e+07 6.675593e-08 6.675593e-08 6.996778e-08 6.675593e-08
3.540774e-10 1621.63 1267.81 6.011498e+08 4.128017e+03 3.471857e+07 6.300733e-08 6.300733e-08 6.603878e-08 6.300733e-08
3.350041e-10 1632.60 1270.22 5.676430e+08 3.720353e+03 3.373999e+07 5.949546e-08 5.949546e-08 6.235793e-08 5.949546e-08
3.169582e-10 1643.58 1270.22 5.376682e+08 3.340226e+03 3.275792e+07 5.635373e-08 5.635373e-08 5.906502e-08 5.635373e-08
2.998844e-10 1654.57 1270.49 5.103941e+08 2.982679e+03 3.177509e+07 5.349511e-08 5.349511e-08 5.606885e-08 5.349511e-08
2.837304e-10 1665.58 1273.21 4.844501e+08 2.649287e+03 3.079240e+07 5.077584e-08 5.077584e-08 5.321877e-08 5.077584e-08
2.684465e-10 1676.63 1277.98 4.597275e+08 2.344156e+03 2.980977e+07 4.818466e-08 4.818466e-08 5.050293e-08 4.818466e-08
2.539859e-10 1687.72 1280.69 4.361741e+08 2.070040e+03 2.882954e+07 4.571597e-08 4.571597e-08 4.791551e-08 4.571597e-08
2.403043e-10 1698.83 1280.40 4.137313e+08 1.828266e+03 2.785909e+07 4.336372e-08 4.336372e-08 4.545005e-08 4.336372e-08
2.273597e-10 1709.94 1279.55 3.914461e+08 1.618436e+03 2.690700e+07 4.102793e-08 4.102793e-08 4.300199e-08 4.102793e-08
2.151123e-10 1721.04 1279.04 3.703312e+08 1.441200e+03 2.598245e+07 3.881490e-08 3.881490e-08 4.068244e-08 3.881490e-08
2.035248e-10 1732.17 1281.76 3.503200e+08 1.291052e+03 2.508814e+07 3.671747e-08 3.671747e-08 3.848407e-08 3.671747e-08
1.925614e-10 1743.33 1285.13 3.313244e+08 1.162999e+03 2.422765e+07 3.472651e-08 3.472651e-08 3.639734e-08 3.472651e-08
1.821885e-10 1754.53 1288.38 3.132913e+08 1.052042e+03 2.340506e+07 3.283644e-08 3.283644e-08 3.441632e-08 3.283644e-08
1.723745e-10 1765.75 1289.89 2.961859e+08 9.543707e+02 2.262464e+07 3.104361e-08 3.104361e-08 3.253723e-08 3.104361e-08
1.630891e-10 1776.99 1289.89 2.799834e+08 8.670671e+02 2.189043e+07 2.934540e-08 2.934540e-08 3.075735e-08 2.934540e-08
1.543038e-10 1788.24 1289.89 2.646447e+08 7.877969e+02 2.120528e+07 2.773775e-08 2.773775e-08 2.907230e-08 2.773775e-08
1.459919e-10 1799.50 1289.89 2.501230e+08 7.147283e+02 2.057115e+07 2.621568e-08 2.621568e-08 2.747701e-08 2.621568e-08
1.381276e-10 1810.77 1289.89 2.364201e+08 6.467391e+02 1.999275e+07 2.477951e-08 2.477951e-08 2.597172e-08 2.477951e-08
1.306870e-10 1822.05 1289.89 2.235796e+08 5.830085e+02 1.946502e+07 2.343369e-08 2.343369e-08 2.456112e-08 2.343369e-08
1.236472e-10 1833.35 1290.07 2.119019e+08 5.236075e+02 1.897715e+07 2.220971e-08 2.220971e-08 2.327830e-08 2.220971e-08
1.169866e-10 1844.66 1291.30 2.008468e+08 4.687473e+02 1.852079e+07 2.105101e-08 2.105101e-08 2.206382e-08 2.105101e-08
1.106848e-10 1856.01 1293.44 1.903351e+08 4.184792e+02 1.808817e+07 1.994932e-08 1.994932e-08 2.090907e-08 1.994932e-08
1.047225e-10 1867.38 1295.59 1.803379e+08 3.727645e+02 1.767231e+07 1.890148e-08 1.890148e-08 1.981086e-08 1.890148e-08
9.908137e-11 1878.79 1297.74 1.708320e+08 3.314875e+02 1.726693e+07 1.790509e-08 1.790509e-08 1.876652e-08 1.790509e-08
9.374409e-11 1890.24 1299.89 1.610478e+08 2.945275e+02 1.686607e+07 1.687957e-08 1.687957e-08 1.769172e-08 1.687957e-08
8.869432e-11 1901.72 1300.90 1.510012e+08 2.619275e+02 1.646371e+07 1.582663e-08 1.582663e-08 1.658810e-08 1.582663e-08
8.391656e-11 1913.22 1300.39 1.415540e+08 2.330339e+02 1.605499e+07 1.483649e-08 1.483649e-08 1.555030e-08 1.483649e-08
7.939618e-11 1924.74 1299.88 1.326763e+08 2.075566e+02 1.563574e+07 1.390600e-08 1.390600e-08 1.457507e-08 1.390600e-08
7.511929e-11 1936.28 1299.36 1.244256e+08 1.851874e+02 1.520221e+07 1.304122e-08 1.304122e-08 1.366867e-08 1.304122e-08
7.107280e-11 1947.83 1298.86 1.176584e+08 1.656196e+02 1.475407e+07 1.233194e-08 1.233194e-08 1.292530e-08 1.233194e-08
6.724427e-11 1959.39 1298.34 1.116802e+08 1.484800e+02 1.429647e+07 1.170533e-08 1.170533e-08 1.226851e-08 1.170533e-08
6.362198e-11 1970.96 1298.31 1.060157e+08 1.334913e+02 1.383595e+07 1.111161e-08 1.111161e-08 1.164624e-08 1.111161e-08
6.019482e-11 1982.54 1298.31 1.006406e+08 1.202246e+02 1.337898e+07 1.054829e-08 1.054829e-08 1.105574e-08 1.054829e-08
5.695227e-11 1994.13 1298.31 9.552860e+07 1.083336e+02 1.293072e+07 1.001250e-08 1.001250e-08 1.049421e-08 1.001250e-08
5.388438e-11 2005.74 1298.31 9.052107e+07 9.760874e+01 1.249556e+07 9.487635e-09 9.487635e-09 9.944124e-09 9.487635e-09
5.098176e-11 2017.36 1298.31 8.530283e+07 8.787879e+01 1.207726e+07 8.940704e-09 8.940704e-09 9.370869e-09 8.940704e-09
4.823549e-11 2029.00 1298.31 8.019272e+07 7.900496e+01 1.167910e+07 8.405113e-09 8.405113e-09 8.809506e-09 8.405113e-09
4.563716e-11 2040.66 1298.31 7.538843e+07 7.090799e+01 1.130521e+07 7.901561e-09 7.901561e-09 8.281722e-09 7.901561e-09
4.317880e-11 2052.34 1298.31 7.087826e+07 6.350590e+01 1.095917e+07 7.428840e-09 7.428840e-09 7.786269e-09 7.428840e-09
4.085286e-11 2064.04 1298.31 6.662480e+07 5.667780e+01 1.064130e+07 6.983038e-09 6.983038e-09 7.319013e-09 6.983038e-09
3.865221e-11 2075.77 1298.44 6.261314e+07 5.038574e+01 1.035307e+07 6.562571e-09 6.562571e-09 6.878318e-09 6.562571e-09
3.657011e-11 2087.53 1300.05 5.882748e+07 4.462410e+01 1.009251e+07 6.165791e-09 6.165791e-09 6.462444e-09 6.165791e-09
3.460016e-11 2099.34 1302.43 5.525165e+07 3.938687e+01 9.854473e+06 5.790998e-09 5.790998e-09 6.069617e-09 5.790998e-09
3.273634e-11 2111.21 1304.81 5.188947e+07 3.470451e+01 9.635043e+06 5.438605e-09 5.438605e-09 5.700269e-09 5.438605e-09
3.097291e-11 2123.13 1307.22 4.885454e+07 3.053375e+01 9.428295e+06 5.120507e-09 5.120507e-09 5.366867e-09 5.120507e-09
2.930447e-11 2135.10 1309.08 4.637682e+07 2.682401e+01 9.229309e+06 4.860810e-09 4.860810e-09 5.094678e-09 4.860810e-09
2.772591e-11 2147.11 1309.55 4.404782e+07 2.354583e+01 9.034287e+06 4.616708e-09 4.616708e-09 4.838835e-09 4.616708e-09
2.623238e-11 2159.15 1309.55 4.182737e+07 2.066567e+01 8.839623e+06 4.383984e-09 4.383984e-09 4.594917e-09 4.383984e-09
2.481930e-11 2171.22 1309.55 3.971952e+07 1.817499e+01 8.641381e+06 4.163052e-09 4.163052e-09 4.363344e-09 4.163052e-09
2.348235e-11 2183.31 1309.55 3.771623e+07 1.602235e+01 8.437588e+06 3.953092e-09 3.953092e-09 4.143285e-09 3.953092e-09
2.221741e-11 2195.44 1309.55 3.565167e+07 1.414665e+01 8.229512e+06 3.736698e-09 3.736698e-09 3.916485e-09 3.736698e-09
2.102061e-11 2207.60 1309.55 3.345554e+07 1.250669e+01 8.018385e+06 3.506520e-09 3.506520e-09 3.675235e-09 3.506520e-09
1.988828e-11 2219.79 1309.55 3.135564e+07 1.106773e+01 7.805401e+06 3.286432e-09 3.286432e-09 3.444549e-09 3.286432e-09
1.881694e-11 2232.04 1309.55 2.939324e+07 9.821965e+00 7.591801e+06 3.080743e-09 3.080743e-09 3.228968e-09 3.080743e-09
1.780332e-11 2244.32 1309.55 2.754885e+07 8.721648e+00 7.378879e+06 2.887429e-09 2.887429e-09 3.026355e-09 2.887429e-09
1.684430e-11 2256.64 1309.55 2.587732e+07 7.745397e+00 7.167673e+06 2.712232e-09 2.712232e-09 2.842732e-09 2.712232e-09
1.593694e-11 2269.00 1309.55 2.434982e+07 6.877161e+00 6.959140e+06 2.552139e-09 2.552139e-09 2.674935e-09 2.552139e-09
1.507845e-11 2281.39 1309.55 2.291313e+07 6.096136e+00 6.754535e+06 2.401554e-09 2.401554e-09 2.517100e-09 2.401554e-09
1.426621e-11 2293.83 1309.55 2.156667e+07 5.315076e+00 6.572692e+06 2.260431e-09 2.260431e-09 2.369189e-09 2.260431e-09
1.349772e-11 2306.31 1309.55 2.029827e+07 4.677243e+00 6.418578e+06 2.127490e-09 2.127490e-09 2.229847e-09 2.127490e-09
1.277063e-11 2318.84 1309.55 1.909747e+07 4.111291e+00 6.251220e+06 2.001626e-09 2.001626e-09 2.097929e-09 2.001626e-09
1.208271e-11 2331.41 1309.55 1.796659e+07 3.614745e+00 6.087811e+06 1.883097e-09 1.883097e-09 1.973706e-09 1.883097e-09
1.143184e-11 2344.03 1309.55 1.690078e+07 3.178385e+00 5.928201e+06 1.771393e-09 1.771393e-09 1.856621e-09 1.771393e-09
1.081604e-11 2356.70 1309.55 1.589205e+07 2.791379e+00 5.772034e+06 1.665662e-09 1.665662e-09 1.745805e-09 1.665662e-09
1.023340e-11 2369.42 1309.55 1.493740e+07 2.448346e+00 5.619229e+06 1.565607e-09 1.565607e-09 1.640935e-09 1.565607e-09
9.682153e-12 2382.19 1309.55 1.404090e+07 2.149377e+00 5.470170e+06 1.471651e-09 1.471651e-09 1.542456e-09 1.471651e-09
9.160598e-12 2395.01 1309.55 1.319441e+07 1.885614e+00 5.324434e+06 1.382922e-09 1.382922e-09 1.449458e-09 1.382922e-09
8.667139e-12 2407.89 1309.55 1.239346e+07 1.651945e+00 5.181834e+06 1.298975e-09 1.298975e-09 1.361467e-09 1.298975e-09
8.200261e-12 2420.82 1309.55 1.163778e+07 1.446275e+00 5.042446e+06 1.219769e-09 1.219769e-09 1.278461e-09 1.219769e-09
7.758532e-12 2433.81 1309.55 1.092824e+07 1.267129e+00 4.906452e+06 1.145399e-09 1.145399e-09 1.200511e-09 1.145399e-09
7.340598e-12 2446.86 1309.55 1.025693e+07 1.108504e+00 4.773367e+06 1.075042e-09 1.075042e-09 1.126766e-09 1.075042e-09
6.945178e-12 2459.97 1309.55 9.622033e+06 9.681619e-01 4.643136e+06 1.008502e-09 1.008502e-09 1.057020e-09 1.008502e-09
6.571058e-12 2473.14 1309.55 9.027882e+06 8.468644e-01 4.516218e+06 9.462242e-10 9.462242e-10 9.917480e-10 9.462242e-10
6.217090e-12 2486.38 1309.55 8.465991e+06 7.395707e-01 4.392020e+06 8.873318e-10 8.873318e-10 9.300240e-10 8.873318e-10
5.882190e-12 2499.68 1309.55 7.934669e+06 6.447154e-01 4.270478e+06 8.316430e-10 8.316430e-10 8.716560e-10 8.316430e-10
5.565331e-12 2513.05 1309.55 7.437326e+06 5.627117e-01 4.151998e+06 7.795156e-10 7.795156e-10 8.170204e-10 7.795156e-10
5.265540e-12 2526.49 1309.55 6.967596e+06 4.904043e-01 4.036097e+06 7.302831e-10 7.302831e-10 7.654187e-10 7.302831e-10
4.981898e-12 2539.99 1309.55 6.523536e+06 4.265380e-01 3.922671e+06 6.837407e-10 6.837407e-10 7.166378e-10 6.837407e-10
4.713535e-12 2553.58 1309.55 6.108634e+06 3.715658e-01 3.812161e+06 6.402541e-10 6.402541e-10 6.710591e-10 6.402541e-10
4.459628e-12 2567.24 1309.55 5.716476e+06 3.230224e-01 3.704010e+06 5.991510e-10 5.991510e-10 6.279781e-10 5.991510e-10
4.219398e-12 2580.97 1309.55 5.346991e+06 2.804683e-01 3.598293e+06 5.604255e-10 5.604255e-10 5.873894e-10 5.604255e-10
3.992109e-12 2594.78 1309.55 5.000983e+06 2.436698e-01 3.495185e+06 5.241592e-10 5.241592e-10 5.493783e-10 5.241592e-10
3.777064e-12 2608.67 1309.55 4.674047e+06 2.112120e-01 3.394279e+06 4.898933e-10 4.898933e-10 5.134632e-10 4.898933e-10
3.573602e-12 2622.65 1309.55 4.367727e+06 1.831113e-01 3.295839e+06 4.577876e-10 4.577876e-10 4.798127e-10 4.577876e-10
3.381101e-12 2636.71 1309.55 4.079592e+06 1.585789e-01 3.199654e+06 4.275877e-10 4.275877e-10 4.481603e-10 4.275877e-10
3.198969e-12 2650.85 1309.55 3.808157e+06 1.370878e-01 3.105618e+06 3.991386e-10 3.991386e-10 4.183420e-10 3.991386e-10
3.026648e-12 2665.09 1309.55 3.554485e+06 1.185945e-01 3.013955e+06 3.725504e-10 3.725504e-10 3.904749e-10 3.725504e-10
2.863610e-12 2679.41 1309.55 3.314944e+06 1.023123e-01 2.924252e+06 3.474434e-10 3.474434e-10 3.641607e-10 3.474434e-10
2.709354e-12 2693.83 1309.55 3.091395e+06 8.834521e-02 2.836850e+06 3.240128e-10 3.240128e-10 3.396017e-10 3.240128e-10
2.563407e-12 2708.33 1309.55 2.880752e+06 7.610875e-02 2.751383e+06 3.019351e-10 3.019351e-10 3.164624e-10 3.019351e-10
2.425323e-12 2722.94 1309.55 2.683678e+06 6.555345e-02 2.668027e+06 2.812794e-10 2.812794e-10 2.948128e-10 2.812794e-10
2.294676e-12 2737.65 1309.55 2.498643e+06 5.638146e-02 2.586617e+06 2.618864e-10 2.618864e-10 2.744863e-10 2.618864e-10
2.171068e-12 2752.45 1309.55 2.325299e+06 4.844757e-02 2.507173e+06 2.437175e-10 2.437175e-10 2.554437e-10 2.437175e-10
2.054117e-12 2767.36 1309.55 2.162931e+06 4.159015e-02 2.429648e+06 2.266992e-10 2.266992e-10 2.376067e-10 2.266992e-10
1.943467e-12 2782.37 1309.55 2.010817e+06 3.565905e-02 2.353995e+06 2.107567e-10 2.107567e-10 2.208972e-10 2.107567e-10
1.838777e-12 2797.49 1309.55 1.868500e+06 3.054562e-02 2.280195e+06 1.958400e-10 1.958400e-10 2.052622e-10 1.958400e-10
1.739726e-12 2812.72 1309.55 1.735334e+06 2.613516e-02 2.208207e+06 1.818825e-10 1.818825e-10 1.906334e-10 1.818825e-10
1.646012e-12 2828.05 1309.55 1.610724e+06 2.233225e-02 2.137980e+06 1.688219e-10 1.688219e-10 1.769448e-10 1.688219e-10
1.557345e-12 2843.50 1309.55 1.494419e+06 1.907029e-02 2.069538e+06 1.566318e-10 1.566318e-10 1.641677e-10 1.566318e-10
1.473454e-12 2859.06 1309.55 1.385438e+06 1.624941e-02 2.002734e+06 1.452099e-10 1.452099e-10 1.521966e-10 1.452099e-10
1.394083e-12 2874.74 1309.55 1.284105e+06 1.385023e-02 1.937722e+06 1.345889e-10 1.345889e-10 1.410647e-10 1.345889e-10
1.318987e-12 2890.52 1309.55 1.189056e+06 1.176981e-02 1.874240e+06 1.246263e-10 1.246263e-10 1.306224e-10 1.246263e-10
1.247936e-12 2906.44 1309.55 1.100848e+06 1.000904e-02 1.812506e+06 1.153816e-10 1.153816e-10 1.209325e-10 1.153816e-10
1.180713e-12 2922.47 1309.55 1.018351e+06 8.491341e-03 1.752294e+06 1.067343e-10 1.067343e-10 1.118696e-10 1.067343e-10
1.117111e-12 2938.62 1309.55 9.414614e+05 7.194456e-03 1.693645e+06 9.867580e-11 9.867580e-11 1.034233e-10 9.867580e-11
1.056935e-12 2954.89 1309.55 8.700413e+05 6.093750e-03 1.636594e+06 9.119017e-11 9.119017e-11 9.557761e-11 9.119017e-11
1.000000e-12 2971.29 1309.55 8.033275e+05 5.148012e-03 1.580979e+06 8.419780e-11 8.419780e-11 8.824880e-11 8.419780e-11
