
         26        26         4      1181C   C   D    0.822591500D+05
 E STATE HAS LABEL C   
 VIBRATIONAL LEVELS FOR STATE E IN 1/CM FOR J= 25
      -5085.38312     -3596.94966     -2242.90867     -1032.98018
 PROPORTION OF STATE C   
  0.999999E+00 0.999998E+00 0.999997E+00 0.999997E+00
 PROPORTION OF STATE D   
  0.903648E-06 0.203860E-05 0.274044E-05 0.316477E-05
 TABLE FOR EMISSION PROBABILITIES   E(J= 25,IE) ==>F(J= 25,IF)
         IE==>      0            1            2            3
        1.00  0.000000E+00 0.000000E+00 0.000000E+00 0.000000E+00
        2.00  0.000000E+00 0.000000E+00 0.000000E+00 0.000000E+00
        3.00  0.000000E+00 0.000000E+00 0.000000E+00 0.000000E+00
        4.00  0.000000E+00 0.000000E+00 0.000000E+00 0.000000E+00
        5.00  0.000000E+00 0.000000E+00 0.000000E+00 0.000000E+00
        6.00  0.000000E+00 0.000000E+00 0.000000E+00 0.000000E+00
        7.00  0.000000E+00 0.000000E+00 0.000000E+00 0.000000E+00
        8.00  0.000000E+00 0.000000E+00 0.000000E+00 0.000000E+00
        9.00  0.000000E+00 0.000000E+00 0.000000E+00 0.000000E+00
       10.00  0.000000E+00 0.000000E+00 0.000000E+00 0.000000E+00
       11.00  0.000000E+00 0.000000E+00 0.000000E+00 0.000000E+00
       12.00  0.000000E+00 0.000000E+00 0.000000E+00 0.000000E+00
       13.00  0.000000E+00 0.000000E+00 0.000000E+00 0.000000E+00
       14.00  0.000000E+00 0.000000E+00 0.000000E+00 0.000000E+00
       15.00  0.000000E+00 0.000000E+00 0.000000E+00 0.000000E+00
       16.00  0.000000E+00 0.000000E+00 0.000000E+00 0.000000E+00
       17.00  0.000000E+00 0.000000E+00 0.000000E+00 0.000000E+00
       18.00  0.000000E+00 0.000000E+00 0.000000E+00 0.000000E+00
       19.00  0.000000E+00 0.000000E+00 0.000000E+00 0.000000E+00
       20.00  0.000000E+00 0.000000E+00 0.000000E+00 0.000000E+00
       21.00  0.000000E+00 0.000000E+00 0.000000E+00 0.000000E+00
       22.00  0.000000E+00 0.000000E+00 0.000000E+00 0.000000E+00
       23.00  0.000000E+00 0.000000E+00 0.000000E+00 0.215038E-37
       24.00  0.000000E+00 0.000000E+00 0.000000E+00 0.633096E-37
       25.00  0.000000E+00 0.000000E+00 0.000000E+00 0.178313E-36
       26.00  0.000000E+00 0.000000E+00 0.000000E+00 0.482129E-36
       27.00  0.000000E+00 0.000000E+00 0.129480E-37 0.125531E-35
       28.00  0.000000E+00 0.000000E+00 0.326435E-37 0.315600E-35
       29.00  0.000000E+00 0.000000E+00 0.796632E-37 0.768051E-35
       30.00  0.000000E+00 0.000000E+00 0.188601E-36 0.181329E-34
       31.00  0.000000E+00 0.000000E+00 0.434027E-36 0.416136E-34
       32.00  0.000000E+00 0.000000E+00 0.972660E-36 0.929982E-34
       33.00  0.000000E+00 0.000000E+00 0.212611E-35 0.202719E-33
       34.00  0.000000E+00 0.000000E+00 0.453979E-35 0.431659E-33
       35.00  0.000000E+00 0.000000E+00 0.948205E-35 0.899094E-33
       36.00  0.134883E-37 0.000000E+00 0.193966E-34 0.183411E-32
       37.00  0.269381E-37 0.000000E+00 0.389046E-34 0.366860E-32
       38.00  0.528065E-37 0.224830E-37 0.765920E-34 0.720249E-32
       39.00  0.101705E-36 0.449781E-37 0.148148E-33 0.138929E-31
       40.00  0.192626E-36 0.884258E-37 0.281789E-33 0.263526E-31
       42.00  0.659238E-36 0.325445E-36 0.972622E-33 0.904584E-31
       44.00  0.212935E-35 0.112774E-35 0.316830E-32 0.293048E-30
       46.00  0.652476E-35 0.369890E-35 0.979049E-32 0.900591E-30
       48.00  0.190523E-34 0.115368E-34 0.288291E-31 0.263734E-29
       50.00  0.532235E-34 0.343572E-34 0.812111E-31 0.738870E-29
       52.00  0.142740E-33 0.980452E-34 0.219618E-30 0.198719E-28
       54.00  0.368647E-33 0.268967E-33 0.571913E-30 0.514663E-28
       56.00  0.919373E-33 0.711334E-33 0.143811E-29 0.128709E-27
       58.00  0.221951E-32 0.181825E-32 0.350042E-29 0.311577E-27
       60.00  0.519832E-32 0.450233E-32 0.826562E-29 0.731730E-27
       62.00  0.118352E-31 0.108223E-31 0.189724E-28 0.167043E-26
       64.00  0.262407E-31 0.252997E-31 0.424072E-28 0.371349E-26
       66.00  0.567508E-31 0.576185E-31 0.924571E-28 0.805231E-26
       68.00  0.119898E-30 0.128036E-30 0.196911E-27 0.170565E-25
       70.00  0.247791E-30 0.277997E-30 0.410220E-27 0.353411E-25
       72.00  0.501571E-30 0.590541E-30 0.836996E-27 0.717185E-25
       74.00  0.995514E-30 0.122879E-29 0.167450E-26 0.142705E-24
       76.00  0.193949E-29 0.250727E-29 0.328818E-26 0.278715E-24
       78.00  0.371254E-29 0.502177E-29 0.634392E-26 0.534827E-24
       80.00  0.698859E-29 0.988217E-29 0.120359E-25 0.100923E-23
       82.00  0.129479E-28 0.191233E-28 0.224740E-25 0.187433E-23
       84.00  0.236285E-28 0.364199E-28 0.413327E-25 0.342860E-23
       86.00  0.425020E-28 0.683128E-28 0.749256E-25 0.618179E-23
       88.00  0.754061E-28 0.126287E-27 0.133961E-24 0.109932E-22
       90.00  0.132038E-27 0.230243E-27 0.236378E-24 0.192938E-22
       92.00  0.228315E-27 0.414238E-27 0.411877E-24 0.334383E-22
       94.00  0.390077E-27 0.735864E-27 0.709080E-24 0.572585E-22
       96.00  0.658819E-27 0.129140E-26 0.120673E-23 0.969227E-22
       98.00  0.110050E-26 0.224002E-26 0.203105E-23 0.162258E-21
      100.00  0.181891E-26 0.384218E-26 0.338234E-23 0.268769E-21
      102.00  0.297590E-26 0.651976E-26 0.557553E-23 0.440680E-21
      104.00  0.482147E-26 0.109494E-25 0.910119E-23 0.715504E-21
      106.00  0.773851E-26 0.182066E-25 0.147169E-22 0.115082E-20
      108.00  0.123085E-25 0.299851E-25 0.235825E-22 0.183427E-20
      110.00  0.194075E-25 0.489297E-25 0.374601E-22 0.289818E-20
      112.00  0.303448E-25 0.791362E-25 0.590049E-22 0.454075E-20
      114.00  0.470632E-25 0.126896E-24 0.921887E-22 0.705672E-20
      116.00  0.724240E-25 0.201801E-24 0.142909E-21 0.108811E-19
      118.00  0.110613E-24 0.318364E-24 0.219863E-21 0.166515E-19
      122.00  0.252494E-24 0.774383E-24 0.509222E-21 0.381583E-19
      126.00  0.560845E-24 0.182984E-23 0.114753E-20 0.850812E-19
      130.00  0.121430E-23 0.420808E-23 0.252040E-20 0.184898E-18
      134.00  0.256669E-23 0.943364E-23 0.540383E-20 0.392248E-18
      138.00  0.530402E-23 0.206467E-22 0.113260E-19 0.813461E-18
      142.00  0.107295E-22 0.441767E-22 0.232357E-19 0.165129E-17
      146.00  0.212724E-22 0.925234E-22 0.467150E-19 0.328500E-17
      150.00  0.413795E-22 0.189900E-21 0.921411E-19 0.641133E-17
      154.00  0.790541E-22 0.382366E-21 0.178478E-18 0.122885E-16
      158.00  0.148469E-21 0.756028E-21 0.339823E-18 0.231520E-16
      162.00  0.274344E-21 0.146926E-20 0.636553E-18 0.429138E-16
      166.00  0.499172E-21 0.280887E-20 0.117402E-17 0.783192E-16
      170.00  0.894995E-21 0.528657E-20 0.213355E-17 0.140840E-15
      174.00  0.158236E-20 0.980271E-20 0.382307E-17 0.249730E-15
      178.00  0.276049E-20 0.179202E-19 0.675903E-17 0.436897E-15
      182.00  0.475466E-20 0.323174E-19 0.117972E-16 0.754592E-15
      186.00  0.808997E-20 0.575291E-19 0.203394E-16 0.128740E-14
      190.00  0.136049E-19 0.101143E-18 0.346568E-16 0.217073E-14
      194.00  0.226245E-19 0.175713E-18 0.583909E-16 0.361916E-14
      198.00  0.372215E-19 0.301792E-18 0.973210E-16 0.596919E-14
      202.00  0.606081E-19 0.512679E-18 0.160533E-15 0.974358E-14
      206.00  0.977161E-19 0.861801E-18 0.262176E-15 0.157469E-13
      210.00  0.156052E-18 0.143407E-17 0.424094E-15 0.252066E-13
      214.00  0.246941E-18 0.236321E-17 0.679721E-15 0.399789E-13
      218.00  0.387340E-18 0.385799E-17 0.107981E-14 0.628489E-13
      222.00  0.602425E-18 0.624161E-17 0.170080E-14 0.979609E-13
      226.00  0.929306E-18 0.100104E-16 0.265694E-14 0.151436E-12
      230.00  0.142228E-17 0.159204E-16 0.411773E-14 0.232250E-12
      234.00  0.216022E-17 0.251151E-16 0.633288E-14 0.353465E-12
      238.00  0.325697E-17 0.393111E-16 0.966775E-14 0.533971E-12
      242.00  0.487573E-17 0.610670E-16 0.146534E-13 0.800897E-12
      246.00  0.724896E-17 0.941717E-16 0.220568E-13 0.119296E-11
      250.00  0.107058E-16 0.144198E-15 0.329790E-13 0.176508E-11
      254.00  0.157097E-16 0.219293E-15 0.489909E-13 0.259469E-11
      258.00  0.229090E-16 0.331291E-15 0.723214E-13 0.379032E-11
      262.00  0.332062E-16 0.497284E-15 0.106115E-12 0.550331E-11
      266.00  0.478506E-16 0.741814E-15 0.154783E-12 0.794341E-11
      270.00  0.685626E-16 0.109992E-14 0.224484E-12 0.114000E-10
      274.00  0.976993E-16 0.162138E-14 0.323771E-12 0.162700E-10
      282.00  0.195249E-15 0.346411E-14 0.662809E-12 0.326130E-10
      290.00  0.382389E-15 0.724397E-14 0.132954E-11 0.640537E-10
      298.00  0.734725E-15 0.148442E-13 0.261618E-11 0.123406E-09
      306.00  0.138641E-14 0.298410E-13 0.505518E-11 0.233461E-09
      314.00  0.257169E-14 0.589092E-13 0.960115E-11 0.434103E-09
      322.00  0.469333E-14 0.114307E-12 0.179395E-10 0.794055E-09
      330.00  0.843391E-14 0.218200E-12 0.330025E-10 0.143001E-08
      338.00  0.149343E-13 0.410092E-12 0.598228E-10 0.253739E-08
      346.00  0.260769E-13 0.759411E-12 0.106924E-09 0.443915E-08
      354.00  0.449286E-13 0.138659E-11 0.188565E-09 0.766234E-08
      362.00  0.764272E-13 0.249789E-11 0.328314E-09 0.130569E-07
      370.00  0.128433E-12 0.444245E-11 0.564690E-09 0.219775E-07
      378.00  0.213322E-12 0.780440E-11 0.959965E-09 0.365604E-07
      386.00  0.350381E-12 0.135505E-10 0.161378E-08 0.601386E-07
      394.00  0.569369E-12 0.232644E-10 0.268399E-08 0.978611E-07
      402.00  0.915767E-12 0.395141E-10 0.441838E-08 0.157606E-06
      410.00  0.145845E-11 0.664251E-10 0.720233E-08 0.251319E-06
      418.00  0.230083E-11 0.110564E-09 0.116301E-07 0.396949E-06
      426.00  0.359681E-11 0.182292E-09 0.186102E-07 0.621243E-06
      434.00  0.557366E-11 0.297822E-09 0.295212E-07 0.963733E-06
      442.00  0.856433E-11 0.482320E-09 0.464382E-07 0.148239E-05
      450.00  0.130530E-10 0.774550E-09 0.724627E-07 0.226161E-05
      458.00  0.197387E-10 0.123378E-08 0.112197E-06 0.342334E-05
      466.00  0.296236E-10 0.195001E-08 0.172427E-06 0.514260E-05
      474.00  0.441348E-10 0.305891E-08 0.263086E-06 0.766883E-05
      482.00  0.652910E-10 0.476372E-08 0.398634E-06 0.113553E-04
      490.00  0.959309E-10 0.736699E-08 0.599986E-06 0.166994E-04
      498.00  0.140021E-09 0.113163E-07 0.897221E-06 0.243966E-04
      506.00  0.203071E-09 0.172703E-07 0.133336E-05 0.354145E-04
      514.00  0.292694E-09 0.261920E-07 0.196962E-05 0.510916E-04
      522.00  0.419348E-09 0.394828E-07 0.289261E-05 0.732690E-04
      530.00  0.597321E-09 0.591710E-07 0.422433E-05 0.104466E-03
      538.00  0.846039E-09 0.881776E-07 0.613573E-05 0.148113E-03
      546.00  0.119177E-08 0.130689E-06 0.886531E-05 0.208858E-03
      554.00  0.166989E-08 0.192676E-06 0.127443E-04 0.292968E-03
      562.00  0.232776E-08 0.282624E-06 0.182309E-04 0.408856E-03
      570.00  0.322857E-08 0.412527E-06 0.259561E-04 0.567766E-03
      578.00  0.445618E-08 0.599281E-06 0.367856E-04 0.784659E-03
      586.00  0.612145E-08 0.866591E-06 0.519025E-04 0.107936E-02
      596.00  0.904487E-08 0.136564E-05 0.793342E-04 0.159778E-02
      606.00  0.132714E-07 0.213782E-05 0.120486E-03 0.234910E-02
      616.00  0.193417E-07 0.332535E-05 0.181857E-03 0.343108E-02
      626.00  0.280045E-07 0.514104E-05 0.272868E-03 0.497972E-02
      636.00  0.402907E-07 0.790179E-05 0.407108E-03 0.718326E-02
      646.00  0.576110E-07 0.120773E-04 0.604093E-03 0.103009E-01
      656.00  0.818857E-07 0.183606E-04 0.891732E-03 0.146876E-01
      666.00  0.115714E-06 0.277702E-04 0.130978E-02 0.208273E-01
      676.00  0.162594E-06 0.417971E-04 0.191463E-02 0.293772E-01
      686.00  0.227212E-06 0.626159E-04 0.278606E-02 0.412248E-01
      696.00  0.315812E-06 0.933877E-04 0.403650E-02 0.575646E-01
      706.00  0.436669E-06 0.138693E-03 0.582393E-02 0.799976E-01
      716.00  0.600698E-06 0.205151E-03 0.836970E-02 0.110661E+00
      726.00  0.822221E-06 0.302296E-03 0.119832E-01 0.152398E+00
      736.00  0.111994E-05 0.443836E-03 0.170957E-01 0.208976E+00
      746.00  0.151816E-05 0.649432E-03 0.243076E-01 0.285376E+00
      756.00  0.204831E-05 0.947232E-03 0.344526E-01 0.388158E+00
      766.00  0.275083E-05 0.137746E-02 0.486868E-01 0.525937E+00
      776.00  0.367748E-05 0.199755E-02 0.686116E-01 0.710002E+00
      786.00  0.489418E-05 0.288932E-02 0.964424E-01 0.955100E+00
      796.00  0.648446E-05 0.416939E-02 0.135242E+00 0.128046E+01
      806.00  0.855355E-05 0.600375E-02 0.189243E+00 0.171110E+01
      816.00  0.112333E-04 0.862868E-02 0.264296E+00 0.227952E+01
      826.00  0.146879E-04 0.123806E-01 0.368484E+00 0.302786E+01
      836.00  0.191205E-04 0.177387E-01 0.512992E+00 0.401072E+01
      846.00  0.247805E-04 0.253861E-01 0.713300E+00 0.529874E+01
      856.00  0.319721E-04 0.362980E-01 0.990875E+00 0.698328E+01
      866.00  0.410624E-04 0.518692E-01 0.137554E+01 0.918248E+01
      876.00  0.524904E-04 0.740988E-01 0.190882E+01 0.120491E+02
      886.00  0.667744E-04 0.105861E+00 0.264874E+01 0.157810E+02
      896.00  0.845172E-04 0.151300E+00 0.367663E+01 0.206343E+02
      906.00  0.106407E-03 0.216422E+00 0.510705E+01 0.269420E+02
      916.00  0.133207E-03 0.309966E+00 0.710213E+01 0.351371E+02
      926.00  0.165738E-03 0.444729E+00 0.989277E+01 0.457856E+02
      936.00  0.204833E-03 0.639574E+00 0.138102E+02 0.596301E+02
      946.00  0.251259E-03 0.922529E+00 0.193335E+02 0.776508E+02
      956.00  0.305594E-03 0.133563E+01 0.271625E+02 0.101151E+03
      966.00  0.368020E-03 0.194262E+01 0.383307E+02 0.131879E+03
      976.00  0.438014E-03 0.284138E+01 0.543860E+02 0.172206E+03
      986.00  0.513872E-03 0.418452E+01 0.776815E+02 0.225391E+03
      996.00  0.592012E-03 0.621421E+01 0.111862E+03 0.295992E+03
     1006.00  0.665991E-03 0.932299E+01 0.162699E+03 0.390514E+03
     1016.00  0.725171E-03 0.141634E+02 0.239570E+03 0.518478E+03
     1026.00  0.753151E-03 0.218540E+02 0.358200E+03 0.694269E+03
     1036.00  0.726542E-03 0.343858E+02 0.546005E+03 0.940488E+03
     1046.00  0.616380E-03 0.554732E+02 0.853115E+03 0.129443E+04
     1056.00  0.400153E-03 0.924714E+02 0.137695E+04 0.182165E+04
     1066.00  0.112818E-03 0.161129E+03 0.232245E+04 0.264711E+04
     1076.00  0.472191E-04 0.298931E+03 0.416940E+04 0.403673E+04
     1086.00  0.160564E-02 0.609692E+03 0.822631E+04 0.665132E+04
     1096.00  0.117502E-01 0.145707E+04 0.190118E+05 0.125732E+05
     1106.00  0.784378E-01 0.478516E+04 0.603579E+05 0.318133E+05
     1116.00  0.116165E+01 0.421464E+05 0.513732E+06 0.208743E+06
     1126.00  0.493877E+01 0.118934E+06 0.140041E+07 0.419716E+06
     1136.00  0.696284E+00 0.119566E+05 0.135943E+06 0.282639E+05
     1146.00  0.389959E+00 0.502222E+04 0.551144E+05 0.725807E+04
     1156.00  0.307659E+00 0.308513E+04 0.326643E+05 0.234826E+04
     1166.00  0.282155E+00 0.226762E+04 0.231528E+05 0.681485E+03
     1176.00  0.280743E+00 0.185031E+04 0.182098E+05 0.973112E+02
     1186.00  0.293522E+00 0.161637E+04 0.153254E+05 0.114877E+02
     1196.00  0.316985E+00 0.148126E+04 0.135234E+05 0.228555E+03
     1206.00  0.350040E+00 0.140626E+04 0.123558E+05 0.681790E+03
     1216.00  0.392747E+00 0.137166E+04 0.115919E+05 0.135763E+04
     1226.00  0.445846E+00 0.136671E+04 0.111027E+05 0.226957E+04
     1236.00  0.510586E+00 0.138532E+04 0.108113E+05 0.344834E+04
     1246.00  0.588653E+00 0.142405E+04 0.106694E+05 0.493825E+04
     1256.00  0.682172E+00 0.148105E+04 0.106459E+05 0.679630E+04
     1266.00  0.793739E+00 0.155555E+04 0.107196E+05 0.909272E+04
     1276.00  0.926476E+00 0.164752E+04 0.108763E+05 0.119123E+05
     1286.00  0.108410E+01 0.175749E+04 0.111060E+05 0.153562E+05
     1296.00  0.127104E+01 0.188646E+04 0.114017E+05 0.195450E+05
     1306.00  0.149251E+01 0.203586E+04 0.117583E+05 0.246210E+05
     1316.00  0.175468E+01 0.220750E+04 0.121725E+05 0.307525E+05
     1326.00  0.206484E+01 0.240360E+04 0.126416E+05 0.381378E+05
     1336.00  0.243156E+01 0.262677E+04 0.131639E+05 0.470102E+05
     1346.00  0.286496E+01 0.288007E+04 0.137379E+05 0.576439E+05
     1356.00  0.337694E+01 0.316702E+04 0.143627E+05 0.703611E+05
     1366.00  0.398148E+01 0.349166E+04 0.150373E+05 0.855393E+05
     1376.00  0.469507E+01 0.385864E+04 0.157606E+05 0.103621E+06
     1386.00  0.553705E+01 0.427321E+04 0.165317E+05 0.125125E+06
     1396.00  0.653019E+01 0.474139E+04 0.173491E+05 0.150657E+06
     1406.00  0.770124E+01 0.526999E+04 0.182111E+05 0.180927E+06
     1416.00  0.908162E+01 0.586678E+04 0.191156E+05 0.216761E+06
     1426.00  0.107082E+02 0.654055E+04 0.200597E+05 0.259129E+06
     1436.00  0.126245E+02 0.730131E+04 0.210401E+05 0.309157E+06
     1446.00  0.148813E+02 0.816042E+04 0.220522E+05 0.368164E+06
     1456.00  0.175385E+02 0.913079E+04 0.230909E+05 0.437684E+06
     1466.00  0.206663E+02 0.102271E+05 0.241495E+05 0.519507E+06
     1476.00  0.243473E+02 0.114659E+05 0.252203E+05 0.615719E+06
     1486.00  0.286783E+02 0.128662E+05 0.262941E+05 0.728748E+06
     1496.00  0.337732E+02 0.144496E+05 0.273600E+05 0.861422E+06
     1506.00  0.397656E+02 0.162404E+05 0.284053E+05 0.101704E+07
     1516.00  0.468124E+02 0.182665E+05 0.294153E+05 0.119942E+07
     1526.00  0.550981E+02 0.205596E+05 0.303736E+05 0.141304E+07
     1536.00  0.648395E+02 0.231559E+05 0.312610E+05 0.166309E+07
     1546.00  0.762914E+02 0.260966E+05 0.320563E+05 0.195561E+07
     1556.00  0.897531E+02 0.294284E+05 0.327360E+05 0.229764E+07
     1566.00  0.105577E+03 0.332051E+05 0.332741E+05 0.269738E+07
     1576.00  0.124177E+03 0.374878E+05 0.336422E+05 0.316436E+07
     1586.00  0.146041E+03 0.423464E+05 0.338101E+05 0.370968E+07
     1596.00  0.171743E+03 0.478607E+05 0.337460E+05 0.434629E+07
     1606.00  0.201960E+03 0.541223E+05 0.334169E+05 0.508926E+07
     1616.00  0.237488E+03 0.612360E+05 0.327898E+05 0.595617E+07
     1626.00  0.279267E+03 0.693219E+05 0.318328E+05 0.696751E+07
     1636.00  0.328408E+03 0.785179E+05 0.305173E+05 0.814720E+07
     1646.00  0.386219E+03 0.889825E+05 0.288195E+05 0.952317E+07
     1656.00  0.454250E+03 0.100898E+06 0.267244E+05 0.111281E+08
     1666.00  0.534333E+03 0.114473E+06 0.242298E+05 0.130000E+08
     1676.00  0.628636E+03 0.129951E+06 0.213516E+05 0.151836E+08
     1686.00  0.739729E+03 0.147611E+06 0.181308E+05 0.177312E+08
     1696.00  0.870661E+03 0.167774E+06 0.146435E+05 0.207041E+08
     1706.00  0.102506E+04 0.190814E+06 0.110119E+05 0.241741E+08
     1716.00  0.120722E+04 0.217165E+06 0.741994E+04 0.282258E+08
     1726.00  0.142228E+04 0.247328E+06 0.413298E+04 0.329587E+08
     1736.00  0.167636E+04 0.281888E+06 0.152260E+04 0.384899E+08
     1746.00  0.197676E+04 0.321527E+06 0.985712E+02 0.449576E+08
     1756.00  0.233223E+04 0.367039E+06 0.549624E+03 0.525252E+08
     1766.00  0.275323E+04 0.419354E+06 0.379542E+04 0.613859E+08
     1776.00  0.325234E+04 0.479564E+06 0.110529E+05 0.717691E+08
     1786.00  0.384469E+04 0.548948E+06 0.239212E+05 0.839472E+08
     1796.00  0.454852E+04 0.629018E+06 0.444899E+05 0.982447E+08
     1806.00  0.538588E+04 0.721555E+06 0.754780E+05 0.115049E+09
     1816.00  0.638346E+04 0.828672E+06 0.120412E+06 0.134824E+09
     1826.00  0.757371E+04 0.952876E+06 0.183856E+06 0.158125E+09
     1836.00  0.899615E+04 0.109716E+07 0.271705E+06 0.185623E+09
     1846.00  0.106991E+05 0.126509E+07 0.391571E+06 0.218125E+09
     1856.00  0.127417E+05 0.146097E+07 0.553278E+06 0.256611E+09
     1866.00  0.151969E+05 0.168996E+07 0.769508E+06 0.302271E+09
     1876.00  0.181546E+05 0.195832E+07 0.105665E+07 0.356558E+09
     1886.00  0.217266E+05 0.227365E+07 0.143592E+07 0.421253E+09
     1896.00  0.260518E+05 0.264524E+07 0.193483E+07 0.498551E+09
     1906.00  0.313047E+05 0.308450E+07 0.258916E+07 0.591166E+09
     1916.00  0.377045E+05 0.360552E+07 0.344558E+07 0.702481E+09
     1926.00  0.455290E+05 0.422581E+07 0.456523E+07 0.836726E+09
     1936.00  0.551322E+05 0.496726E+07 0.602852E+07 0.999235E+09
     1946.00  0.669685E+05 0.585749E+07 0.794182E+07 0.119678E+10
     1956.00  0.816252E+05 0.693158E+07 0.104466E+08 0.143802E+10
     1966.00  0.998686E+05 0.823446E+07 0.137325E+08 0.173413E+10
     1976.00  0.122707E+06 0.982433E+07 0.180553E+08 0.209965E+10
     1986.00  0.151480E+06 0.117773E+08 0.237636E+08 0.255374E+10
     1996.00  0.187990E+06 0.141939E+08 0.313370E+08 0.312189E+10
     2006.00  0.234693E+06 0.172094E+08 0.414429E+08 0.383848E+10
     2016.00  0.294978E+06 0.210074E+08 0.550224E+08 0.475055E+10
     2026.00  0.373607E+06 0.258419E+08 0.734223E+08 0.592353E+10
     2036.00  0.477383E+06 0.320712E+08 0.986037E+08 0.745008E+10
     2046.00  0.616236E+06 0.402106E+08 0.133479E+09 0.946424E+10
     2056.00  0.805004E+06 0.510203E+08 0.182472E+09 0.121647E+11
     2066.00  0.106649E+07 0.656530E+08 0.252490E+09 0.158540E+11
     2072.10  0.127636E+07 0.771887E+08 0.310020E+09 0.187832E+11
     2072.60  0.129573E+07 0.782457E+08 0.315379E+09 0.190524E+11
     2073.10  0.131546E+07 0.793211E+08 0.320845E+09 0.193264E+11
     2073.60  0.133555E+07 0.804150E+08 0.326419E+09 0.196052E+11
     2074.11  0.135601E+07 0.815281E+08 0.332106E+09 0.198890E+11
     2074.61  0.137686E+07 0.826606E+08 0.337906E+09 0.201779E+11
     2075.11  0.139809E+07 0.838130E+08 0.343824E+09 0.204720E+11
     2075.61  0.141973E+07 0.849857E+08 0.349861E+09 0.207714E+11
     2076.00  0.143689E+07 0.859154E+08 0.354658E+09 0.210089E+11
     2076.11  0.144177E+07 0.861792E+08 0.356020E+09 0.210762E+11
     2076.61  0.146423E+07 0.873939E+08 0.362305E+09 0.213867E+11
     2077.11  0.148711E+07 0.886304E+08 0.368719E+09 0.217028E+11
     2077.61  0.151043E+07 0.898890E+08 0.375264E+09 0.220247E+11
     2078.12  0.153420E+07 0.911703E+08 0.381944E+09 0.223525E+11
     2078.62  0.155843E+07 0.924748E+08 0.388762E+09 0.226865E+11
     2079.12  0.158312E+07 0.938030E+08 0.395721E+09 0.230266E+11
     2079.62  0.160830E+07 0.951555E+08 0.402825E+09 0.233731E+11
     2080.12  0.163396E+07 0.965328E+08 0.410077E+09 0.237261E+11
     2080.62  0.166012E+07 0.979355E+08 0.417481E+09 0.240858E+11
     2081.12  0.168680E+07 0.993641E+08 0.425042E+09 0.244523E+11
     2081.62  0.171401E+07 0.100819E+09 0.432762E+09 0.248258E+11
     2082.13  0.174175E+07 0.102302E+09 0.440645E+09 0.252064E+11
     2082.63  0.177005E+07 0.103812E+09 0.448697E+09 0.255943E+11
     2083.13  0.179891E+07 0.105350E+09 0.456920E+09 0.259897E+11
     2083.63  0.182835E+07 0.106918E+09 0.465320E+09 0.263928E+11
     2084.13  0.185838E+07 0.108516E+09 0.473901E+09 0.268037E+11
     2084.63  0.188902E+07 0.110144E+09 0.482667E+09 0.272226E+11
     2085.13  0.192028E+07 0.111803E+09 0.491623E+09 0.276498E+11
     2085.63  0.195218E+07 0.113495E+09 0.500775E+09 0.280854E+11
     2086.00  0.197590E+07 0.114751E+09 0.507587E+09 0.284090E+11
     2086.14  0.198474E+07 0.115219E+09 0.510127E+09 0.285296E+11
     2086.64  0.201797E+07 0.116977E+09 0.519684E+09 0.289826E+11
     2087.14  0.205188E+07 0.118769E+09 0.529453E+09 0.294448E+11
     2087.64  0.208650E+07 0.120597E+09 0.539437E+09 0.299162E+11
     2088.14  0.212184E+07 0.122460E+09 0.549644E+09 0.303971E+11
     2088.64  0.215792E+07 0.124361E+09 0.560079E+09 0.308879E+11
     2089.14  0.219477E+07 0.126300E+09 0.570747E+09 0.313886E+11
     2089.64  0.223239E+07 0.128277E+09 0.581656E+09 0.318996E+11
     2090.15  0.227081E+07 0.130294E+09 0.592812E+09 0.324211E+11
     2090.65  0.231006E+07 0.132353E+09 0.604221E+09 0.329533E+11
     2091.15  0.235015E+07 0.134453E+09 0.615891E+09 0.334967E+11
     2091.65  0.239110E+07 0.136596E+09 0.627828E+09 0.340514E+11
     2092.15  0.243294E+07 0.138783E+09 0.640040E+09 0.346178E+11
     2092.65  0.247570E+07 0.141016E+09 0.652534E+09 0.351961E+11
     2093.15  0.251939E+07 0.143295E+09 0.665319E+09 0.357867E+11
     2093.65  0.256404E+07 0.145622E+09 0.678402E+09 0.363899E+11
     2094.16  0.260968E+07 0.147997E+09 0.691791E+09 0.370061E+11
     2094.66  0.265633E+07 0.150423E+09 0.705496E+09 0.376355E+11
     2095.16  0.270403E+07 0.152900E+09 0.719525E+09 0.382785E+11
     2095.66  0.275280E+07 0.155430E+09 0.733887E+09 0.389356E+11
     2096.00  0.278661E+07 0.157183E+09 0.743856E+09 0.393909E+11
     2096.16  0.280266E+07 0.158015E+09 0.748592E+09 0.396070E+11
     2096.66  0.285366E+07 0.160655E+09 0.763650E+09 0.402932E+11
     2097.16  0.290583E+07 0.163353E+09 0.779072E+09 0.409946E+11
     2097.66  0.295918E+07 0.166109E+09 0.794866E+09 0.417116E+11
     2098.17  0.301377E+07 0.168926E+09 0.811045E+09 0.424447E+11
     2098.67  0.306962E+07 0.171805E+09 0.827620E+09 0.431942E+11
     2099.17  0.312678E+07 0.174748E+09 0.844602E+09 0.439607E+11
     2099.67  0.318527E+07 0.177757E+09 0.862004E+09 0.447446E+11
     2100.17  0.324514E+07 0.180834E+09 0.879837E+09 0.455465E+11
     2100.67  0.330642E+07 0.183979E+09 0.898116E+09 0.463667E+11
     2101.17  0.336917E+07 0.187197E+09 0.916853E+09 0.472060E+11
     2101.67  0.343342E+07 0.190488E+09 0.936062E+09 0.480648E+11
     2102.18  0.349921E+07 0.193854E+09 0.955758E+09 0.489436E+11
     2102.68  0.356659E+07 0.197298E+09 0.975955E+09 0.498432E+11
     2103.18  0.363562E+07 0.200822E+09 0.996670E+09 0.507640E+11
     2103.68  0.370633E+07 0.204429E+09 0.101792E+10 0.517067E+11
     2104.18  0.377879E+07 0.208121E+09 0.103971E+10 0.526721E+11
     2104.68  0.385304E+07 0.211900E+09 0.106208E+10 0.536607E+11
     2105.18  0.392914E+07 0.215769E+09 0.108503E+10 0.546732E+11
     2105.68  0.400714E+07 0.219731E+09 0.110858E+10 0.557104E+11
     2106.00  0.405733E+07 0.222278E+09 0.112375E+10 0.563774E+11
     2106.19  0.408711E+07 0.223788E+09 0.113276E+10 0.567731E+11
     2106.69  0.416911E+07 0.227944E+09 0.115758E+10 0.578620E+11
     2107.19  0.425319E+07 0.232202E+09 0.118306E+10 0.589779E+11
     2107.69  0.433944E+07 0.236564E+09 0.120923E+10 0.601217E+11
     2108.19  0.442791E+07 0.241033E+09 0.123610E+10 0.612942E+11
     2108.69  0.451868E+07 0.245615E+09 0.126371E+10 0.624965E+11
     2109.19  0.461182E+07 0.250311E+09 0.129207E+10 0.637293E+11
     2109.69  0.470740E+07 0.255125E+09 0.132121E+10 0.649937E+11
     2110.20  0.480552E+07 0.260061E+09 0.135116E+10 0.662907E+11
     2110.70  0.490625E+07 0.265124E+09 0.138194E+10 0.676214E+11
     2111.20  0.500968E+07 0.270317E+09 0.141358E+10 0.689869E+11
     2111.70  0.511589E+07 0.275644E+09 0.144612E+10 0.703882E+11
     2112.20  0.522499E+07 0.281110E+09 0.147957E+10 0.718266E+11
     2112.70  0.533706E+07 0.286720E+09 0.151398E+10 0.733034E+11
     2113.20  0.545222E+07 0.292478E+09 0.154938E+10 0.748198E+11
     2113.70  0.557056E+07 0.298389E+09 0.158580E+10 0.763771E+11
     2114.21  0.569220E+07 0.304458E+09 0.162328E+10 0.779768E+11
     2114.71  0.581726E+07 0.310691E+09 0.166186E+10 0.796203E+11
     2115.21  0.594584E+07 0.317094E+09 0.170157E+10 0.813090E+11
     2115.71  0.607807E+07 0.323671E+09 0.174245E+10 0.830446E+11
     2116.00  0.615656E+07 0.327572E+09 0.176674E+10 0.840743E+11
     2116.21  0.621409E+07 0.330430E+09 0.178455E+10 0.848288E+11
     2116.71  0.635402E+07 0.337376E+09 0.182792E+10 0.866632E+11
     2117.21  0.649802E+07 0.344517E+09 0.187260E+10 0.885495E+11
     2117.71  0.664622E+07 0.351858E+09 0.191863E+10 0.904898E+11
     2118.22  0.679879E+07 0.359408E+09 0.196607E+10 0.924858E+11
     2118.72  0.695587E+07 0.367173E+09 0.201497E+10 0.945396E+11
     2119.22  0.711764E+07 0.375162E+09 0.206539E+10 0.966534E+11
     2119.72  0.728427E+07 0.383382E+09 0.211739E+10 0.988293E+11
     2120.22  0.745594E+07 0.391843E+09 0.217102E+10 0.101070E+12
     2120.72  0.763285E+07 0.400553E+09 0.222634E+10 0.103377E+12
     2121.22  0.781519E+07 0.409521E+09 0.228343E+10 0.105753E+12
     2121.72  0.800318E+07 0.418757E+09 0.234236E+10 0.108202E+12
     2122.23  0.819702E+07 0.428271E+09 0.240318E+10 0.110725E+12
     2122.73  0.839695E+07 0.438074E+09 0.246599E+10 0.113326E+12
     2123.23  0.860321E+07 0.448177E+09 0.253086E+10 0.116007E+12
     2123.73  0.881604E+07 0.458591E+09 0.259787E+10 0.118772E+12
     2124.23  0.903572E+07 0.469329E+09 0.266711E+10 0.121624E+12
     2124.73  0.926250E+07 0.480403E+09 0.273867E+10 0.124566E+12
     2125.23  0.949668E+07 0.491827E+09 0.281265E+10 0.127603E+12
     2125.73  0.973856E+07 0.503614E+09 0.288915E+10 0.130737E+12
     2126.00  0.987012E+07 0.510020E+09 0.293079E+10 0.132441E+12
     2126.24  0.998846E+07 0.515780E+09 0.296827E+10 0.133974E+12
     2126.74  0.102467E+08 0.528339E+09 0.305012E+10 0.137316E+12
     2127.24  0.105137E+08 0.541308E+09 0.313482E+10 0.140768E+12
     2127.74  0.107896E+08 0.554704E+09 0.322249E+10 0.144336E+12
     2128.24  0.110751E+08 0.568543E+09 0.331326E+10 0.148023E+12
     2128.74  0.113704E+08 0.582846E+09 0.340726E+10 0.151834E+12
     2129.24  0.116759E+08 0.597630E+09 0.350464E+10 0.155776E+12
     2129.74  0.119922E+08 0.612918E+09 0.360554E+10 0.159854E+12
     2130.25  0.123196E+08 0.628729E+09 0.371012E+10 0.164072E+12
     2130.75  0.126587E+08 0.645088E+09 0.381855E+10 0.168439E+12
     2131.25  0.130100E+08 0.662017E+09 0.393099E+10 0.172959E+12
     2131.75  0.133741E+08 0.679541E+09 0.404764E+10 0.177641E+12
     2132.25  0.137514E+08 0.697688E+09 0.416868E+10 0.182490E+12
     2132.75  0.141426E+08 0.716484E+09 0.429431E+10 0.187514E+12
     2133.25  0.145484E+08 0.735959E+09 0.442475E+10 0.192722E+12
     2133.75  0.149694E+08 0.756143E+09 0.456023E+10 0.198122E+12
     2134.26  0.154063E+08 0.777069E+09 0.470098E+10 0.203722E+12
     2134.76  0.158598E+08 0.798770E+09 0.484725E+10 0.209533E+12
     2135.26  0.163308E+08 0.821283E+09 0.499931E+10 0.215562E+12
     2135.76  0.168200E+08 0.844645E+09 0.515744E+10 0.221822E+12
     2136.00  0.170619E+08 0.856184E+09 0.523566E+10 0.224914E+12
     2136.26  0.173284E+08 0.868896E+09 0.532192E+10 0.228322E+12
     2136.76  0.178568E+08 0.894079E+09 0.549308E+10 0.235074E+12
     2137.26  0.184063E+08 0.920236E+09 0.567124E+10 0.242090E+12
     2137.76  0.189778E+08 0.947416E+09 0.585675E+10 0.249384E+12
     2138.27  0.195725E+08 0.975667E+09 0.604998E+10 0.256967E+12
     2138.77  0.201914E+08 0.100504E+10 0.625132E+10 0.264855E+12
     2139.27  0.208359E+08 0.103559E+10 0.646116E+10 0.273063E+12
     2139.77  0.215070E+08 0.106738E+10 0.667996E+10 0.281607E+12
     2140.27  0.222064E+08 0.110047E+10 0.690817E+10 0.290502E+12
     2140.77  0.229352E+08 0.113492E+10 0.714628E+10 0.299767E+12
     2141.27  0.236951E+08 0.117080E+10 0.739480E+10 0.309421E+12
     2141.77  0.244877E+08 0.120818E+10 0.765427E+10 0.319482E+12
     2142.28  0.253146E+08 0.124714E+10 0.792527E+10 0.329973E+12
     2142.78  0.261776E+08 0.128776E+10 0.820840E+10 0.340915E+12
     2143.28  0.270785E+08 0.133012E+10 0.850433E+10 0.352330E+12
     2143.78  0.280195E+08 0.137432E+10 0.881371E+10 0.364245E+12
     2144.28  0.290026E+08 0.142044E+10 0.913729E+10 0.376684E+12
     2144.78  0.300299E+08 0.146860E+10 0.947581E+10 0.389675E+12
     2145.28  0.311039E+08 0.151888E+10 0.983008E+10 0.403246E+12
     2145.78  0.322270E+08 0.157141E+10 0.102009E+11 0.417429E+12
     2146.00  0.327262E+08 0.159474E+10 0.103659E+11 0.423731E+12
     2146.29  0.334018E+08 0.162630E+10 0.105893E+11 0.432254E+12
     2146.79  0.346310E+08 0.168366E+10 0.109961E+11 0.447757E+12
     2147.29  0.359176E+08 0.174365E+10 0.114224E+11 0.463971E+12
     2147.79  0.372646E+08 0.180637E+10 0.118692E+11 0.480935E+12
     2148.29  0.386751E+08 0.187199E+10 0.123375E+11 0.498687E+12
     2148.79  0.401526E+08 0.194064E+10 0.128287E+11 0.517268E+12
     2149.29  0.417005E+08 0.201248E+10 0.133438E+11 0.536721E+12
     2149.79  0.433224E+08 0.208768E+10 0.138842E+11 0.557091E+12
     2150.30  0.450223E+08 0.216640E+10 0.144512E+11 0.578424E+12
     2150.80  0.468041E+08 0.224882E+10 0.150462E+11 0.600768E+12
     2151.30  0.486718E+08 0.233512E+10 0.156706E+11 0.624174E+12
     2151.80  0.506298E+08 0.242548E+10 0.163260E+11 0.648693E+12
     2152.30  0.526825E+08 0.252009E+10 0.170138E+11 0.674378E+12
     2152.80  0.548343E+08 0.261916E+10 0.177357E+11 0.701283E+12
     2153.30  0.570897E+08 0.272287E+10 0.184934E+11 0.729463E+12
     2153.80  0.594535E+08 0.283143E+10 0.192884E+11 0.758973E+12
     2154.31  0.619302E+08 0.294503E+10 0.201223E+11 0.789868E+12
     2154.81  0.645243E+08 0.306387E+10 0.209970E+11 0.822203E+12
     2155.31  0.672404E+08 0.318813E+10 0.219139E+11 0.856030E+12
     2155.81  0.700827E+08 0.331800E+10 0.228747E+11 0.891400E+12
     2156.00  0.711982E+08 0.336892E+10 0.232521E+11 0.905273E+12
     2156.31  0.730552E+08 0.345363E+10 0.238808E+11 0.928358E+12
     2156.81  0.761616E+08 0.359517E+10 0.249337E+11 0.966948E+12
     2157.31  0.794051E+08 0.374275E+10 0.260346E+11 0.100720E+13
     2157.81  0.827880E+08 0.389644E+10 0.271844E+11 0.104915E+13
     2158.32  0.863121E+08 0.405631E+10 0.283840E+11 0.109281E+13
     2158.82  0.899781E+08 0.422236E+10 0.296338E+11 0.113818E+13
     2159.32  0.937854E+08 0.439453E+10 0.309337E+11 0.118525E+13
     2159.82  0.977322E+08 0.457270E+10 0.322834E+11 0.123400E+13
     2160.32  0.101815E+09 0.475668E+10 0.336819E+11 0.128436E+13
     2160.82  0.106027E+09 0.494617E+10 0.351275E+11 0.133627E+13
     2161.32  0.110362E+09 0.514078E+10 0.366177E+11 0.138962E+13
     2161.82  0.114808E+09 0.534000E+10 0.381493E+11 0.144428E+13
     2162.33  0.119353E+09 0.554318E+10 0.397179E+11 0.150007E+13
     2162.83  0.123979E+09 0.574956E+10 0.413183E+11 0.155678E+13
     2163.33  0.128668E+09 0.595818E+10 0.429439E+11 0.161417E+13
     2163.83  0.133396E+09 0.616797E+10 0.445871E+11 0.167193E+13
     2164.33  0.138135E+09 0.637767E+10 0.462388E+11 0.172973E+13
     2164.83  0.142855E+09 0.658586E+10 0.478888E+11 0.178719E+13
     2165.33  0.147522E+09 0.679098E+10 0.495255E+11 0.184388E+13
     2165.83  0.152099E+09 0.699131E+10 0.511364E+11 0.189932E+13
     2166.00  0.153585E+09 0.705615E+10 0.516607E+11 0.191729E+13
     2166.34  0.156545E+09 0.718501E+10 0.527075E+11 0.195303E+13
     2166.84  0.160817E+09 0.737017E+10 0.542245E+11 0.200447E+13
     2167.34  0.164871E+09 0.754480E+10 0.556720E+11 0.205310E+13
     2167.84  0.168662E+09 0.770690E+10 0.570348E+11 0.209837E+13
     2168.34  0.172148E+09 0.785453E+10 0.582975E+11 0.213975E+13
     2168.84  0.175285E+09 0.798582E+10 0.594453E+11 0.217672E+13
     2169.34  0.178034E+09 0.809906E+10 0.604645E+11 0.220880E+13
     2169.84  0.180360E+09 0.819276E+10 0.613426E+11 0.223559E+13
     2170.35  0.182235E+09 0.826567E+10 0.620692E+11 0.225673E+13
     2170.85  0.183635E+09 0.831686E+10 0.626357E+11 0.227196E+13
     2171.35  0.184546E+09 0.834573E+10 0.630363E+11 0.228110E+13
     2171.85  0.184959E+09 0.835204E+10 0.632676E+11 0.228408E+13
     2172.35  0.184876E+09 0.833592E+10 0.633292E+11 0.228093E+13
     2172.85  0.184304E+09 0.829784E+10 0.632232E+11 0.227176E+13
     2173.35  0.183261E+09 0.823864E+10 0.629544E+11 0.225679E+13
     2173.85  0.181768E+09 0.815942E+10 0.625300E+11 0.223632E+13
     2174.36  0.179854E+09 0.806156E+10 0.619593E+11 0.221071E+13
     2174.86  0.177554E+09 0.794665E+10 0.612531E+11 0.218040E+13
     2175.36  0.174903E+09 0.781641E+10 0.604237E+11 0.214584E+13
     2175.86  0.171942E+09 0.767269E+10 0.594843E+11 0.210754E+13
     2176.00  0.171061E+09 0.763020E+10 0.592029E+11 0.209619E+13
     2176.36  0.168711E+09 0.751734E+10 0.584485E+11 0.206600E+13
     2176.86  0.165251E+09 0.735226E+10 0.573301E+11 0.202174E+13
     2177.36  0.161602E+09 0.717926E+10 0.561427E+11 0.197525E+13
     2177.86  0.157803E+09 0.700009E+10 0.548995E+11 0.192700E+13
     2178.37  0.153890E+09 0.681640E+10 0.536130E+11 0.187746E+13
     2178.87  0.149897E+09 0.662970E+10 0.522947E+11 0.182704E+13
     2179.37  0.145856E+09 0.644137E+10 0.509555E+11 0.177611E+13
     2179.87  0.141793E+09 0.625265E+10 0.496048E+11 0.172501E+13
     2180.37  0.137733E+09 0.606462E+10 0.482513E+11 0.167405E+13
     2180.87  0.133698E+09 0.587822E+10 0.469026E+11 0.162348E+13
     2181.37  0.129707E+09 0.569427E+10 0.455652E+11 0.157353E+13
     2181.87  0.125774E+09 0.551343E+10 0.442447E+11 0.152439E+13
     2182.38  0.121914E+09 0.533627E+10 0.429457E+11 0.147621E+13
     2182.88  0.118136E+09 0.516324E+10 0.416721E+11 0.142912E+13
     2183.38  0.114450E+09 0.499468E+10 0.404271E+11 0.138322E+13
     2183.88  0.110860E+09 0.483087E+10 0.392129E+11 0.133858E+13
     2184.38  0.107374E+09 0.467199E+10 0.380316E+11 0.129526E+13
     2184.88  0.103993E+09 0.451816E+10 0.368844E+11 0.125329E+13
     2185.38  0.100720E+09 0.436946E+10 0.357722E+11 0.121270E+13
     2185.88  0.975560E+08 0.422590E+10 0.346955E+11 0.117349E+13
     2186.00  0.968421E+08 0.419353E+10 0.344524E+11 0.116465E+13
     2186.39  0.945006E+08 0.408746E+10 0.336546E+11 0.113567E+13
     2186.89  0.915534E+08 0.395410E+10 0.326492E+11 0.109921E+13
     2187.39  0.887130E+08 0.382573E+10 0.316791E+11 0.106410E+13
     2187.89  0.859776E+08 0.370225E+10 0.307437E+11 0.103031E+13
     2188.39  0.833449E+08 0.358354E+10 0.298425E+11 0.997813E+12
     2188.89  0.808123E+08 0.346948E+10 0.289747E+11 0.966576E+12
     2189.39  0.783770E+08 0.335993E+10 0.281393E+11 0.936559E+12
     2189.89  0.760361E+08 0.325472E+10 0.273355E+11 0.907724E+12
     2190.40  0.737865E+08 0.315373E+10 0.265623E+11 0.880032E+12
     2190.90  0.716249E+08 0.305678E+10 0.258186E+11 0.853440E+12
     2191.40  0.695483E+08 0.296374E+10 0.251035E+11 0.827907E+12
     2191.90  0.675532E+08 0.287443E+10 0.244159E+11 0.803394E+12
     2192.40  0.656367E+08 0.278873E+10 0.237548E+11 0.779858E+12
     2192.90  0.637956E+08 0.270646E+10 0.231191E+11 0.757261E+12
     2193.40  0.620267E+08 0.262750E+10 0.225079E+11 0.735562E+12
     2193.90  0.603270E+08 0.255169E+10 0.219201E+11 0.714725E+12
     2194.41  0.586937E+08 0.247891E+10 0.213548E+11 0.694711E+12
     2194.91  0.571239E+08 0.240901E+10 0.208111E+11 0.675485E+12
     2195.41  0.556148E+08 0.234188E+10 0.202880E+11 0.657013E+12
     2195.91  0.541639E+08 0.227738E+10 0.197847E+11 0.639261E+12
     2196.00  0.539080E+08 0.226601E+10 0.196959E+11 0.636130E+12
     2196.41  0.527685E+08 0.221540E+10 0.193004E+11 0.622197E+12
     2196.91  0.514263E+08 0.215583E+10 0.188341E+11 0.605790E+12
     2197.41  0.501348E+08 0.209856E+10 0.183851E+11 0.590012E+12
     2197.91  0.488919E+08 0.204348E+10 0.179528E+11 0.574834E+12
     2198.42  0.476954E+08 0.199049E+10 0.175363E+11 0.560229E+12
     2198.92  0.465432E+08 0.193951E+10 0.171349E+11 0.546172E+12
     2199.42  0.454334E+08 0.189044E+10 0.167481E+11 0.532637E+12
     2199.92  0.443641E+08 0.184319E+10 0.163752E+11 0.519602E+12
     2200.42  0.433336E+08 0.179768E+10 0.160155E+11 0.507045E+12
     2200.92  0.423400E+08 0.175384E+10 0.156685E+11 0.494944E+12
     2201.42  0.413819E+08 0.171160E+10 0.153338E+11 0.483279E+12
     2201.92  0.404576E+08 0.167087E+10 0.150106E+11 0.472030E+12
     2202.43  0.395658E+08 0.163159E+10 0.146986E+11 0.461180E+12
     2202.93  0.387049E+08 0.159371E+10 0.143973E+11 0.450711E+12
     2203.43  0.378736E+08 0.155715E+10 0.141061E+11 0.440607E+12
     2203.93  0.370708E+08 0.152186E+10 0.138248E+11 0.430851E+12
     2204.43  0.362951E+08 0.148779E+10 0.135528E+11 0.421429E+12
     2204.93  0.355454E+08 0.145488E+10 0.132899E+11 0.412326E+12
     2205.43  0.348207E+08 0.142309E+10 0.130355E+11 0.403530E+12
     2205.93  0.341199E+08 0.139236E+10 0.127894E+11 0.395026E+12
     2206.00  0.340301E+08 0.138843E+10 0.127579E+11 0.393937E+12
     2206.44  0.334419E+08 0.136265E+10 0.125512E+11 0.386803E+12
     2206.94  0.327860E+08 0.133392E+10 0.123206E+11 0.378849E+12
     2207.44  0.321510E+08 0.130613E+10 0.120973E+11 0.371153E+12
     2207.94  0.315363E+08 0.127924E+10 0.118810E+11 0.363703E+12
     2208.44  0.309409E+08 0.125321E+10 0.116714E+11 0.356491E+12
     2208.94  0.303641E+08 0.122801E+10 0.114683E+11 0.349507E+12
     2209.44  0.298052E+08 0.120360E+10 0.112713E+11 0.342741E+12
     2209.94  0.292634E+08 0.117995E+10 0.110803E+11 0.336184E+12
     2210.45  0.287381E+08 0.115703E+10 0.108951E+11 0.329829E+12
     2210.95  0.282286E+08 0.113482E+10 0.107153E+11 0.323667E+12
     2211.45  0.277343E+08 0.111327E+10 0.105409E+11 0.317690E+12
     2211.95  0.272547E+08 0.109238E+10 0.103715E+11 0.311893E+12
     2212.45  0.267891E+08 0.107211E+10 0.102070E+11 0.306266E+12
     2212.95  0.263371E+08 0.105244E+10 0.100473E+11 0.300805E+12
     2213.45  0.258981E+08 0.103334E+10 0.989206E+10 0.295503E+12
     2213.95  0.254716E+08 0.101480E+10 0.974123E+10 0.290354E+12
     2214.46  0.250572E+08 0.996796E+09 0.959462E+10 0.285352E+12
     2214.96  0.246544E+08 0.979303E+09 0.945207E+10 0.280491E+12
     2215.46  0.242629E+08 0.962303E+09 0.931343E+10 0.275767E+12
     2215.96  0.238821E+08 0.945780E+09 0.917857E+10 0.271175E+12
     2216.00  0.238520E+08 0.944470E+09 0.916788E+10 0.270811E+12
     2216.46  0.235118E+08 0.929716E+09 0.904735E+10 0.266709E+12
     2216.96  0.231515E+08 0.914095E+09 0.891965E+10 0.262365E+12
     2217.46  0.228009E+08 0.898899E+09 0.879534E+10 0.258139E+12
     2217.96  0.224597E+08 0.884115E+09 0.867431E+10 0.254027E+12
     2218.47  0.221274E+08 0.869728E+09 0.855644E+10 0.250024E+12
     2218.97  0.218039E+08 0.855724E+09 0.844162E+10 0.246127E+12
     2219.47  0.214888E+08 0.842089E+09 0.832975E+10 0.242332E+12
     2219.97  0.211818E+08 0.828810E+09 0.822073E+10 0.238636E+12
     2220.47  0.208826E+08 0.815876E+09 0.811447E+10 0.235034E+12
     2220.97  0.205911E+08 0.803275E+09 0.801088E+10 0.231525E+12
     2221.47  0.203068E+08 0.790995E+09 0.790986E+10 0.228105E+12
     2221.97  0.200297E+08 0.779026E+09 0.781134E+10 0.224771E+12
     2222.48  0.197594E+08 0.767357E+09 0.771523E+10 0.221520E+12
     2222.98  0.194958E+08 0.755979E+09 0.762145E+10 0.218349E+12
     2223.48  0.192385E+08 0.744881E+09 0.752994E+10 0.215256E+12
     2223.98  0.189875E+08 0.734055E+09 0.744061E+10 0.212238E+12
     2224.48  0.187425E+08 0.723493E+09 0.735341E+10 0.209293E+12
     2224.98  0.185033E+08 0.713184E+09 0.726826E+10 0.206418E+12
     2225.48  0.182698E+08 0.703122E+09 0.718510E+10 0.203612E+12
     2225.98  0.180417E+08 0.693299E+09 0.710388E+10 0.200872E+12
     2226.00  0.180349E+08 0.693003E+09 0.710143E+10 0.200789E+12
     2226.49  0.178190E+08 0.683706E+09 0.702452E+10 0.198195E+12
     2226.99  0.176014E+08 0.674338E+09 0.694698E+10 0.195581E+12
     2227.49  0.173887E+08 0.665186E+09 0.687120E+10 0.193027E+12
     2227.99  0.171809E+08 0.656245E+09 0.679713E+10 0.190532E+12
     2228.49  0.169778E+08 0.647508E+09 0.672471E+10 0.188092E+12
     2228.99  0.167792E+08 0.638968E+09 0.665391E+10 0.185708E+12
     2229.49  0.165850E+08 0.630621E+09 0.658466E+10 0.183377E+12
     2229.99  0.163951E+08 0.622459E+09 0.651693E+10 0.181098E+12
     2230.50  0.162093E+08 0.614478E+09 0.645068E+10 0.178868E+12
     2231.00  0.160276E+08 0.606672E+09 0.638585E+10 0.176687E+12
     2231.50  0.158498E+08 0.599036E+09 0.632242E+10 0.174554E+12
     2232.00  0.156758E+08 0.591565E+09 0.626033E+10 0.172466E+12
     2232.50  0.155055E+08 0.584255E+09 0.619956E+10 0.170423E+12
     2233.00  0.153388E+08 0.577100E+09 0.614007E+10 0.168423E+12
     2233.50  0.151756E+08 0.570097E+09 0.608182E+10 0.166465E+12
     2234.00  0.150158E+08 0.563241E+09 0.602478E+10 0.164548E+12
     2234.51  0.148593E+08 0.556528E+09 0.596891E+10 0.162671E+12
     2235.01  0.147061E+08 0.549954E+09 0.591418E+10 0.160832E+12
     2235.51  0.145559E+08 0.543515E+09 0.586057E+10 0.159031E+12
     2236.00  0.144116E+08 0.537329E+09 0.580906E+10 0.157301E+12
     2236.01  0.144088E+08 0.537207E+09 0.580804E+10 0.157267E+12
     2236.51  0.142646E+08 0.531027E+09 0.575657E+10 0.155538E+12
     2237.01  0.141233E+08 0.524972E+09 0.570612E+10 0.153843E+12
     2237.51  0.139849E+08 0.519038E+09 0.565667E+10 0.152182E+12
     2238.01  0.138491E+08 0.513221E+09 0.560820E+10 0.150554E+12
     2238.52  0.137160E+08 0.507519E+09 0.556068E+10 0.148958E+12
     2239.02  0.135855E+08 0.501929E+09 0.551408E+10 0.147393E+12
     2239.52  0.134575E+08 0.496448E+09 0.546838E+10 0.145859E+12
     2240.02  0.133320E+08 0.491072E+09 0.542356E+10 0.144353E+12
     2240.52  0.132089E+08 0.485799E+09 0.537960E+10 0.142877E+12
     2241.02  0.130881E+08 0.480627E+09 0.533647E+10 0.141428E+12
     2241.52  0.129696E+08 0.475553E+09 0.529416E+10 0.140007E+12
     2242.02  0.128533E+08 0.470574E+09 0.525264E+10 0.138612E+12
     2242.53  0.127392E+08 0.465688E+09 0.521190E+10 0.137243E+12
     2243.03  0.126272E+08 0.460893E+09 0.517191E+10 0.135899E+12
     2243.53  0.125172E+08 0.456186E+09 0.513267E+10 0.134580E+12
     2244.03  0.124093E+08 0.451565E+09 0.509414E+10 0.133285E+12
     2244.53  0.123033E+08 0.447028E+09 0.505632E+10 0.132014E+12
     2245.03  0.121992E+08 0.442574E+09 0.501918E+10 0.130765E+12
     2245.53  0.120970E+08 0.438199E+09 0.498272E+10 0.129539E+12
     2246.00  0.120036E+08 0.434199E+09 0.494937E+10 0.128417E+12
     2246.03  0.119966E+08 0.433903E+09 0.494691E+10 0.128334E+12
     2246.54  0.118980E+08 0.429682E+09 0.491174E+10 0.127151E+12
     2247.04  0.118012E+08 0.425536E+09 0.487719E+10 0.125988E+12
     2247.54  0.117060E+08 0.421463E+09 0.484326E+10 0.124846E+12
     2248.04  0.116125E+08 0.417461E+09 0.480992E+10 0.123724E+12
     2248.54  0.115206E+08 0.413527E+09 0.477717E+10 0.122620E+12
     2249.04  0.114303E+08 0.409662E+09 0.474499E+10 0.121536E+12
     2249.54  0.113416E+08 0.405862E+09 0.471336E+10 0.120470E+12
     2250.04  0.112543E+08 0.402127E+09 0.468228E+10 0.119422E+12
     2250.55  0.111686E+08 0.398455E+09 0.465174E+10 0.118392E+12
     2251.05  0.110843E+08 0.394845E+09 0.462171E+10 0.117379E+12
     2251.55  0.110014E+08 0.391295E+09 0.459220E+10 0.116383E+12
     2252.05  0.109198E+08 0.387803E+09 0.456318E+10 0.115403E+12
     2252.55  0.108397E+08 0.384370E+09 0.453466E+10 0.114439E+12
     2253.05  0.107608E+08 0.380992E+09 0.450661E+10 0.113491E+12
     2253.55  0.106833E+08 0.377670E+09 0.447903E+10 0.112559E+12
     2254.05  0.106070E+08 0.374401E+09 0.445190E+10 0.111641E+12
     2254.56  0.105319E+08 0.371185E+09 0.442523E+10 0.110738E+12
     2255.06  0.104581E+08 0.368020E+09 0.439900E+10 0.109850E+12
     2255.56  0.103855E+08 0.364906E+09 0.437319E+10 0.108975E+12
     2256.00  0.103225E+08 0.362204E+09 0.435082E+10 0.108217E+12
     2256.06  0.103140E+08 0.361841E+09 0.434781E+10 0.108115E+12
     2256.56  0.102436E+08 0.358824E+09 0.432283E+10 0.107268E+12
     2257.06  0.101744E+08 0.355854E+09 0.429827E+10 0.106434E+12
     2257.56  0.101062E+08 0.352931E+09 0.427409E+10 0.105613E+12
     2258.06  0.100392E+08 0.350053E+09 0.425031E+10 0.104805E+12
     2258.57  0.997312E+07 0.347219E+09 0.422691E+10 0.104009E+12
     2259.07  0.990811E+07 0.344428E+09 0.420387E+10 0.103225E+12
     2259.57  0.984411E+07 0.341680E+09 0.418121E+10 0.102453E+12
     2260.07  0.978109E+07 0.338973E+09 0.415890E+10 0.101693E+12
     2260.57  0.971903E+07 0.336307E+09 0.413694E+10 0.100944E+12
     2261.07  0.965792E+07 0.333681E+09 0.411533E+10 0.100206E+12
     2261.57  0.959773E+07 0.331094E+09 0.409405E+10 0.994794E+11
     2262.07  0.953845E+07 0.328546E+09 0.407310E+10 0.987634E+11
     2262.58  0.948007E+07 0.326034E+09 0.405248E+10 0.980579E+11
     2263.08  0.942255E+07 0.323560E+09 0.403218E+10 0.973627E+11
     2263.58  0.936589E+07 0.321122E+09 0.401219E+10 0.966777E+11
     2264.08  0.931007E+07 0.318718E+09 0.399250E+10 0.960025E+11
     2264.58  0.925507E+07 0.316350E+09 0.397312E+10 0.953370E+11
     2265.08  0.920088E+07 0.314016E+09 0.395403E+10 0.946811E+11
     2265.58  0.914748E+07 0.311714E+09 0.393523E+10 0.940345E+11
     2266.00  0.910372E+07 0.309828E+09 0.391984E+10 0.935044E+11
     2266.08  0.909486E+07 0.309446E+09 0.391672E+10 0.933970E+11
     2266.59  0.904300E+07 0.307209E+09 0.389848E+10 0.927686E+11
     2267.09  0.899189E+07 0.305004E+09 0.388052E+10 0.921489E+11
     2267.59  0.894151E+07 0.302830E+09 0.386283E+10 0.915379E+11
     2268.09  0.889185E+07 0.300685E+09 0.384540E+10 0.909354E+11
     2268.59  0.884290E+07 0.298571E+09 0.382823E+10 0.903412E+11
     2269.09  0.879464E+07 0.296485E+09 0.381132E+10 0.897552E+11
     2269.59  0.874707E+07 0.294428E+09 0.379465E+10 0.891771E+11
     2270.09  0.870017E+07 0.292399E+09 0.377823E+10 0.886070E+11
     2270.60  0.865392E+07 0.290398E+09 0.376206E+10 0.880446E+11
     2271.10  0.860831E+07 0.288424E+09 0.374612E+10 0.874897E+11
     2271.60  0.856335E+07 0.286476E+09 0.373041E+10 0.869423E+11
     2272.10  0.851900E+07 0.284554E+09 0.371493E+10 0.864022E+11
     2276.00  0.819406E+07 0.270437E+09 0.360192E+10 0.824354E+11
     2286.00  0.749958E+07 0.239994E+09 0.336353E+10 0.738844E+11
     2296.00  0.696015E+07 0.215926E+09 0.318307E+10 0.671324E+11
     2306.00  0.653571E+07 0.196528E+09 0.304611E+10 0.617022E+11
     2316.00  0.619871E+07 0.180634E+09 0.294271E+10 0.572662E+11
     2326.00  0.592967E+07 0.167421E+09 0.286580E+10 0.535931E+11
     2336.00  0.571446E+07 0.156296E+09 0.281023E+10 0.505156E+11
     2346.00  0.554261E+07 0.146821E+09 0.277220E+10 0.479099E+11
     2356.00  0.540621E+07 0.138666E+09 0.274882E+10 0.456827E+11
     2366.00  0.529917E+07 0.131579E+09 0.273786E+10 0.437623E+11
     2376.00  0.521674E+07 0.125364E+09 0.273758E+10 0.420927E+11
     2386.00  0.515514E+07 0.119866E+09 0.274656E+10 0.406296E+11
     2396.00  0.511130E+07 0.114963E+09 0.276369E+10 0.393376E+11
     2406.00  0.508274E+07 0.110553E+09 0.278803E+10 0.381878E+11
     2416.00  0.506739E+07 0.106556E+09 0.281877E+10 0.371563E+11
     2426.00  0.506348E+07 0.102904E+09 0.285526E+10 0.362234E+11
     2436.00  0.506952E+07 0.995413E+08 0.289688E+10 0.353727E+11
     2446.00  0.508421E+07 0.964205E+08 0.294311E+10 0.345899E+11
     2456.00  0.510640E+07 0.935021E+08 0.299347E+10 0.338630E+11
     2466.00  0.513505E+07 0.907522E+08 0.304750E+10 0.331818E+11
     2476.00  0.516923E+07 0.881420E+08 0.310476E+10 0.325373E+11
     2486.00  0.520809E+07 0.856467E+08 0.316486E+10 0.319216E+11
     2496.00  0.525081E+07 0.832452E+08 0.322737E+10 0.313279E+11
     2506.00  0.529665E+07 0.809192E+08 0.329191E+10 0.307504E+11
     2516.00  0.534491E+07 0.786533E+08 0.335807E+10 0.301837E+11
     2526.00  0.539489E+07 0.764342E+08 0.342547E+10 0.296234E+11
     2536.00  0.544596E+07 0.742507E+08 0.349372E+10 0.290655E+11
     2546.00  0.549750E+07 0.720935E+08 0.356240E+10 0.285067E+11
     2556.00  0.554891E+07 0.699549E+08 0.363114E+10 0.279442E+11
     2566.00  0.559962E+07 0.678289E+08 0.369955E+10 0.273755E+11
     2576.00  0.564911E+07 0.657106E+08 0.376723E+10 0.267987E+11
     2586.00  0.569685E+07 0.635967E+08 0.383382E+10 0.262125E+11
     2596.00  0.574236E+07 0.614847E+08 0.389892E+10 0.256156E+11
     2606.00  0.578520E+07 0.593735E+08 0.396220E+10 0.250074E+11
     2616.00  0.582496E+07 0.572627E+08 0.402330E+10 0.243876E+11
     2626.00  0.586125E+07 0.551531E+08 0.408190E+10 0.237560E+11
     2636.00  0.589374E+07 0.530458E+08 0.413770E+10 0.231131E+11
     2646.00  0.592214E+07 0.509431E+08 0.419041E+10 0.224595E+11
     2656.00  0.594618E+07 0.488474E+08 0.423979E+10 0.217958E+11
     2666.00  0.596568E+07 0.467618E+08 0.428560E+10 0.211233E+11
     2676.00  0.598045E+07 0.446899E+08 0.432766E+10 0.204432E+11
     2686.00  0.599039E+07 0.426352E+08 0.436579E+10 0.197568E+11
     2696.00  0.599540E+07 0.406018E+08 0.439986E+10 0.190658E+11
     2706.00  0.599545E+07 0.385935E+08 0.442978E+10 0.183717E+11
     2716.00  0.599055E+07 0.366146E+08 0.445546E+10 0.176763E+11
     2726.00  0.598073E+07 0.346690E+08 0.447688E+10 0.169813E+11
     2736.00  0.596608E+07 0.327606E+08 0.449403E+10 0.162885E+11
     2746.00  0.594670E+07 0.308930E+08 0.450692E+10 0.155997E+11
     2756.00  0.592272E+07 0.290699E+08 0.451560E+10 0.149164E+11
     2766.00  0.589431E+07 0.272944E+08 0.452015E+10 0.142405E+11
     2776.00  0.586165E+07 0.255695E+08 0.452064E+10 0.135734E+11
     2786.00  0.582494E+07 0.238979E+08 0.451720E+10 0.129167E+11
     2796.00  0.578440E+07 0.222818E+08 0.450995E+10 0.122717E+11
     2806.00  0.574024E+07 0.207232E+08 0.449903E+10 0.116396E+11
     2816.00  0.569271E+07 0.192237E+08 0.448460E+10 0.110218E+11
     2826.00  0.564203E+07 0.177847E+08 0.446681E+10 0.104191E+11
     2836.00  0.558846E+07 0.164070E+08 0.444584E+10 0.983244E+10
     2846.00  0.553222E+07 0.150913E+08 0.442186E+10 0.926270E+10
     2856.00  0.547356E+07 0.138380E+08 0.439504E+10 0.871049E+10
     2866.00  0.541270E+07 0.126471E+08 0.436557E+10 0.817637E+10
     2876.00  0.534988E+07 0.115184E+08 0.433363E+10 0.766078E+10
     2886.00  0.528531E+07 0.104514E+08 0.429938E+10 0.716404E+10
     2896.00  0.521920E+07 0.944562E+07 0.426299E+10 0.668639E+10
     2906.00  0.515176E+07 0.850008E+07 0.422465E+10 0.622797E+10
     2916.00  0.508316E+07 0.761379E+07 0.418450E+10 0.578882E+10
     2926.00  0.501360E+07 0.678558E+07 0.414271E+10 0.536892E+10
     2936.00  0.494324E+07 0.601415E+07 0.409942E+10 0.496818E+10
     2946.00  0.487224E+07 0.529809E+07 0.405478E+10 0.458642E+10
     2956.00  0.480075E+07 0.463590E+07 0.400893E+10 0.422344E+10
     2966.00  0.472890E+07 0.402601E+07 0.396200E+10 0.387897E+10
     2976.00  0.465683E+07 0.346678E+07 0.391411E+10 0.355268E+10
     2986.00  0.458465E+07 0.295654E+07 0.386538E+10 0.324424E+10
     2996.00  0.451247E+07 0.249358E+07 0.381592E+10 0.295325E+10
     3006.00  0.444039E+07 0.207618E+07 0.376582E+10 0.267930E+10
     3016.00  0.436849E+07 0.170260E+07 0.371519E+10 0.242197E+10
     3026.00  0.429687E+07 0.137110E+07 0.366412E+10 0.218080E+10
     3036.00  0.422559E+07 0.107997E+07 0.361268E+10 0.195532E+10
     3046.00  0.415472E+07 0.827486E+06 0.356096E+10 0.174505E+10
     3056.00  0.408432E+07 0.611960E+06 0.350903E+10 0.154952E+10
     3066.00  0.401444E+07 0.431726E+06 0.345696E+10 0.136822E+10
     3076.00  0.394514E+07 0.285152E+06 0.340480E+10 0.120067E+10
     3086.00  0.387645E+07 0.170635E+06 0.335261E+10 0.104638E+10
     3096.00  0.380841E+07 0.866109E+05 0.330045E+10 0.904860E+09
     3106.00  0.374105E+07 0.315541E+05 0.324836E+10 0.775615E+09
     3116.00  0.367441E+07 0.397854E+04 0.319639E+10 0.658167E+09
     3126.00  0.360850E+07 0.244007E+04 0.314458E+10 0.552039E+09
     3136.00  0.354335E+07 0.255368E+05 0.309297E+10 0.456764E+09
     3146.00  0.347897E+07 0.719098E+05 0.304159E+10 0.371880E+09
     3156.00  0.341538E+07 0.140243E+06 0.299047E+10 0.296937E+09
     3166.00  0.335259E+07 0.229264E+06 0.293963E+10 0.231490E+09
     3176.00  0.329061E+07 0.337742E+06 0.288912E+10 0.175108E+09
     3186.00  0.322945E+07 0.464490E+06 0.283894E+10 0.127368E+09
     3196.00  0.316911E+07 0.608361E+06 0.278913E+10 0.878588E+08
     3206.00  0.310959E+07 0.768251E+06 0.273969E+10 0.561786E+08
     3216.00  0.305090E+07 0.943094E+06 0.269066E+10 0.319370E+08
     3226.00  0.299304E+07 0.113187E+07 0.264204E+10 0.147546E+08
     3236.00  0.293601E+07 0.133358E+07 0.259385E+10 0.426261E+07
     3246.00  0.287980E+07 0.154728E+07 0.254610E+10 0.103235E+06
     3256.00  0.282442E+07 0.177207E+07 0.249880E+10 0.192946E+07
     3266.00  0.276985E+07 0.200705E+07 0.245197E+10 0.940496E+07
     3276.00  0.271610E+07 0.225140E+07 0.240562E+10 0.222040E+08
     3286.00  0.266316E+07 0.250429E+07 0.235975E+10 0.400112E+08
     3296.00  0.261103E+07 0.276496E+07 0.231437E+10 0.625217E+08
     3306.00  0.255969E+07 0.303265E+07 0.226949E+10 0.894405E+08
     3316.00  0.250915E+07 0.330665E+07 0.222511E+10 0.120482E+09
     3326.00  0.245939E+07 0.358628E+07 0.218125E+10 0.155373E+09
     3336.00  0.241041E+07 0.387088E+07 0.213789E+10 0.193845E+09
     3346.00  0.236221E+07 0.415981E+07 0.209506E+10 0.235643E+09
     3356.00  0.231476E+07 0.445249E+07 0.205275E+10 0.280521E+09
     3366.00  0.226808E+07 0.474832E+07 0.201097E+10 0.328238E+09
     3376.00  0.222214E+07 0.504676E+07 0.196971E+10 0.378567E+09
     3386.00  0.217694E+07 0.534729E+07 0.192898E+10 0.431286E+09
     3396.00  0.213248E+07 0.564939E+07 0.188879E+10 0.486182E+09
     3406.00  0.208874E+07 0.595258E+07 0.184913E+10 0.543051E+09
     3416.00  0.204571E+07 0.625642E+07 0.181000E+10 0.601695E+09
     3426.00  0.200340E+07 0.656045E+07 0.177141E+10 0.661927E+09
     3436.00  0.196178E+07 0.686426E+07 0.173335E+10 0.723565E+09
     3446.00  0.192085E+07 0.716745E+07 0.169583E+10 0.786433E+09
     3456.00  0.188061E+07 0.746964E+07 0.165884E+10 0.850367E+09
     3466.00  0.184104E+07 0.777048E+07 0.162239E+10 0.915205E+09
     3476.00  0.180214E+07 0.806962E+07 0.158647E+10 0.980794E+09
     3486.00  0.176390E+07 0.836673E+07 0.155108E+10 0.104699E+10
     3496.00  0.172630E+07 0.866152E+07 0.151623E+10 0.111365E+10
     3506.00  0.168935E+07 0.895367E+07 0.148190E+10 0.118064E+10
     3516.00  0.165303E+07 0.924293E+07 0.144810E+10 0.124783E+10
     3526.00  0.161734E+07 0.952902E+07 0.141482E+10 0.131510E+10
     3536.00  0.158227E+07 0.981171E+07 0.138207E+10 0.138234E+10
     3546.00  0.154780E+07 0.100908E+08 0.134984E+10 0.144943E+10
     3556.00  0.151394E+07 0.103659E+08 0.131813E+10 0.151627E+10
     3566.00  0.148067E+07 0.106370E+08 0.128694E+10 0.158276E+10
     3576.00  0.144799E+07 0.109039E+08 0.125626E+10 0.164880E+10
     3586.00  0.141589E+07 0.111663E+08 0.122609E+10 0.171431E+10
     3596.00  0.138436E+07 0.114241E+08 0.119642E+10 0.177919E+10
     3606.00  0.135339E+07 0.116772E+08 0.116727E+10 0.184337E+10
     3616.00  0.132298E+07 0.119253E+08 0.113861E+10 0.190678E+10
     3626.00  0.129312E+07 0.121684E+08 0.111045E+10 0.196934E+10
     3636.00  0.126380E+07 0.124063E+08 0.108278E+10 0.203098E+10
     3646.00  0.123501E+07 0.126390E+08 0.105561E+10 0.209165E+10
     3656.00  0.120676E+07 0.128663E+08 0.102892E+10 0.215127E+10
     3666.00  0.117902E+07 0.130881E+08 0.100271E+10 0.220981E+10
     3676.00  0.115179E+07 0.133043E+08 0.976983E+09 0.226721E+10
     3686.00  0.112507E+07 0.135149E+08 0.951731E+09 0.232341E+10
     3696.00  0.109885E+07 0.137198E+08 0.926950E+09 0.237838E+10
     3706.00  0.107312E+07 0.139189E+08 0.902635E+09 0.243208E+10
     3716.00  0.104788E+07 0.141122E+08 0.878782E+09 0.248446E+10
     3726.00  0.102312E+07 0.142996E+08 0.855387E+09 0.253550E+10
     3736.00  0.998824E+06 0.144812E+08 0.832446E+09 0.258516E+10
     3746.00  0.974997E+06 0.146568E+08 0.809953E+09 0.263342E+10
     3756.00  0.951628E+06 0.148265E+08 0.787905E+09 0.268026E+10
     3766.00  0.928711E+06 0.149902E+08 0.766297E+09 0.272564E+10
     3776.00  0.906241E+06 0.151479E+08 0.745124E+09 0.276955E+10
     3786.00  0.884209E+06 0.152996E+08 0.724381E+09 0.281198E+10
     3796.00  0.862610E+06 0.154453E+08 0.704064E+09 0.285290E+10
     3806.00  0.841437E+06 0.155851E+08 0.684167E+09 0.289231E+10
     3816.00  0.820685E+06 0.157189E+08 0.664685E+09 0.293020E+10
     3826.00  0.800346E+06 0.158468E+08 0.645615E+09 0.296655E+10
     3836.00  0.780415E+06 0.159687E+08 0.626950E+09 0.300137E+10
     3846.00  0.760885E+06 0.160847E+08 0.608685E+09 0.303465E+10
     3856.00  0.741751E+06 0.161949E+08 0.590817E+09 0.306639E+10
     3866.00  0.723006E+06 0.162992E+08 0.573338E+09 0.309659E+10
     3876.00  0.704644E+06 0.163977E+08 0.556245E+09 0.312525E+10
     3886.00  0.686660E+06 0.164904E+08 0.539533E+09 0.315237E+10
     3896.00  0.669048E+06 0.165774E+08 0.523195E+09 0.317796E+10
     3906.00  0.651802E+06 0.166588E+08 0.507228E+09 0.320203E+10
     3916.00  0.634916E+06 0.167345E+08 0.491625E+09 0.322459E+10
     3926.00  0.618384E+06 0.168047E+08 0.476382E+09 0.324564E+10
     3936.00  0.602201E+06 0.168694E+08 0.461494E+09 0.326519E+10
     3946.00  0.586362E+06 0.169287E+08 0.446954E+09 0.328327E+10
     3956.00  0.570860E+06 0.169825E+08 0.432759E+09 0.329987E+10
     3966.00  0.555690E+06 0.170311E+08 0.418903E+09 0.331502E+10
     3976.00  0.540847E+06 0.170744E+08 0.405380E+09 0.332874E+10
     3986.00  0.526326E+06 0.171125E+08 0.392186E+09 0.334103E+10
     3996.00  0.512120E+06 0.171455E+08 0.379315E+09 0.335192E+10
     4006.00  0.498226E+06 0.171735E+08 0.366763E+09 0.336142E+10
     4016.00  0.484637E+06 0.171965E+08 0.354523E+09 0.336955E+10
     4026.00  0.471349E+06 0.172147E+08 0.342591E+09 0.337634E+10
     4036.00  0.458356E+06 0.172281E+08 0.330963E+09 0.338180E+10
     4046.00  0.445654E+06 0.172367E+08 0.319632E+09 0.338596E+10
     4056.00  0.433237E+06 0.172407E+08 0.308594E+09 0.338884E+10
     4066.00  0.421101E+06 0.172401E+08 0.297843E+09 0.339045E+10
     4076.00  0.409240E+06 0.172350E+08 0.287376E+09 0.339083E+10
     4086.00  0.397650E+06 0.172256E+08 0.277185E+09 0.339000E+10
     4096.00  0.386327E+06 0.172118E+08 0.267268E+09 0.338797E+10
     4106.00  0.375264E+06 0.171939E+08 0.257618E+09 0.338478E+10
     4116.00  0.364459E+06 0.171717E+08 0.248232E+09 0.338045E+10
     4126.00  0.353905E+06 0.171456E+08 0.239103E+09 0.337501E+10
     4136.00  0.343599E+06 0.171154E+08 0.230228E+09 0.336847E+10
     4146.00  0.333536E+06 0.170814E+08 0.221600E+09 0.336087E+10
     4156.00  0.323712E+06 0.170436E+08 0.213217E+09 0.335223E+10
     4166.00  0.314122E+06 0.170020E+08 0.205073E+09 0.334257E+10
     4176.00  0.304762E+06 0.169569E+08 0.197163E+09 0.333193E+10
     4186.00  0.295627E+06 0.169082E+08 0.189482E+09 0.332032E+10
     4196.00  0.286714E+06 0.168560E+08 0.182027E+09 0.330778E+10
     4206.00  0.278018E+06 0.168005E+08 0.174792E+09 0.329433E+10
     4216.00  0.269536E+06 0.167418E+08 0.167773E+09 0.328000E+10
     4226.00  0.261262E+06 0.166798E+08 0.160966E+09 0.326480E+10
     4236.00  0.253193E+06 0.166147E+08 0.154365E+09 0.324878E+10
     4246.00  0.245326E+06 0.165467E+08 0.147968E+09 0.323195E+10
     4256.00  0.237656E+06 0.164756E+08 0.141769E+09 0.321434E+10
     4266.00  0.230179E+06 0.164018E+08 0.135765E+09 0.319597E+10
     4276.00  0.222891E+06 0.163251E+08 0.129950E+09 0.317687E+10
     4286.00  0.215789E+06 0.162458E+08 0.124321E+09 0.315708E+10
     4296.00  0.208870E+06 0.161639E+08 0.118874E+09 0.313660E+10
     4306.00  0.202129E+06 0.160795E+08 0.113604E+09 0.311547E+10
     4316.00  0.195562E+06 0.159926E+08 0.108509E+09 0.309371E+10
     4326.00  0.189167E+06 0.159034E+08 0.103583E+09 0.307135E+10
     4336.00  0.182940E+06 0.158119E+08 0.988223E+08 0.304840E+10
     4346.00  0.176878E+06 0.157182E+08 0.942239E+08 0.302491E+10
     4356.00  0.170976E+06 0.156224E+08 0.897837E+08 0.300088E+10
     4366.00  0.165232E+06 0.155246E+08 0.854978E+08 0.297634E+10
     4376.00  0.159642E+06 0.154247E+08 0.813627E+08 0.295132E+10
     4386.00  0.154204E+06 0.153231E+08 0.773746E+08 0.292584E+10
     4396.00  0.148914E+06 0.152195E+08 0.735300E+08 0.289992E+10
     4406.00  0.143768E+06 0.151143E+08 0.698253E+08 0.287359E+10
     4416.00  0.138764E+06 0.150074E+08 0.662570E+08 0.284686E+10
     4426.00  0.133899E+06 0.148989E+08 0.628218E+08 0.281976E+10
     4436.00  0.129170E+06 0.147889E+08 0.595162E+08 0.279231E+10
     4446.00  0.124574E+06 0.146774E+08 0.563370E+08 0.276452E+10
     4456.00  0.120107E+06 0.145645E+08 0.532808E+08 0.273643E+10
     4466.00  0.115768E+06 0.144504E+08 0.503445E+08 0.270806E+10
     4476.00  0.111552E+06 0.143350E+08 0.475249E+08 0.267941E+10
     4486.00  0.107459E+06 0.142184E+08 0.448189E+08 0.265051E+10
     4511.00  0.977380E+05 0.139221E+08 0.385310E+08 0.257731E+10
     4536.00  0.887188E+05 0.136199E+08 0.328879E+08 0.250297E+10
     4561.00  0.803616E+05 0.133127E+08 0.278453E+08 0.242776E+10
     4586.00  0.726284E+05 0.130013E+08 0.233610E+08 0.235195E+10
     4611.00  0.654833E+05 0.126866E+08 0.193948E+08 0.227577E+10
     4636.00  0.588916E+05 0.123694E+08 0.159085E+08 0.219946E+10
     4661.00  0.528204E+05 0.120505E+08 0.128655E+08 0.212324E+10
     4686.00  0.472382E+05 0.117307E+08 0.102314E+08 0.204731E+10
     4711.00  0.421149E+05 0.114105E+08 0.797334E+07 0.197185E+10
     4736.00  0.374219E+05 0.110907E+08 0.606041E+07 0.189704E+10
     4761.00  0.331320E+05 0.107718E+08 0.446331E+07 0.182302E+10
     4786.00  0.292193E+05 0.104544E+08 0.315439E+07 0.174996E+10
     4811.00  0.256590E+05 0.101391E+08 0.210764E+07 0.167798E+10
     4836.00  0.224278E+05 0.982628E+07 0.129856E+07 0.160720E+10
     4861.00  0.195035E+05 0.951646E+07 0.704145E+06 0.153774E+10
     4886.00  0.168650E+05 0.921004E+07 0.302827E+06 0.146967E+10
     4911.00  0.144922E+05 0.890740E+07 0.744151E+05 0.140309E+10
     4936.00  0.123663E+05 0.860889E+07 0.406181E+02 0.133808E+10
     4961.00  0.104694E+05 0.831484E+07 0.621009E+05 0.127470E+10
     4986.00  0.878454E+04 0.802553E+07 0.244206E+06 0.121299E+10
     5011.00  0.729577E+04 0.774121E+07 0.531126E+06 0.115301E+10
     5036.00  0.598801E+04 0.746212E+07 0.908734E+06 0.109480E+10
     5061.00  0.484704E+04 0.718847E+07 0.136396E+07 0.103838E+10
     5086.00  0.385949E+04 0.692042E+07 0.188472E+07 0.983765E+09
     5111.00  0.301277E+04 0.665814E+07 0.245992E+07 0.930980E+09
     5136.00  0.229504E+04 0.640175E+07 0.307932E+07 0.880029E+09
     5161.00  0.169519E+04 0.615138E+07 0.373356E+07 0.830913E+09
     5186.00  0.120280E+04 0.590709E+07 0.441410E+07 0.783627E+09
     5211.00  0.808099E+03 0.566898E+07 0.511314E+07 0.738162E+09
     5236.00  0.501947E+03 0.543708E+07 0.582360E+07 0.694504E+09
     5261.00  0.275801E+03 0.521144E+07 0.653911E+07 0.652633E+09
     5286.00  0.121681E+03 0.499207E+07 0.725390E+07 0.612527E+09
     5311.00  0.321467E+02 0.477898E+07 0.796282E+07 0.574161E+09
     5336.00  0.269069E+00 0.457217E+07 0.866128E+07 0.537504E+09
     5361.00  0.196032E+02 0.437159E+07 0.934519E+07 0.502524E+09
     5386.00  0.841640E+02 0.417723E+07 0.100110E+08 0.469186E+09
     5411.00  0.188402E+03 0.398904E+07 0.106555E+08 0.437453E+09
     5436.00  0.327179E+03 0.380696E+07 0.112761E+08 0.407286E+09
     5461.00  0.495746E+03 0.363092E+07 0.118704E+08 0.378644E+09
     5511.00  0.905077E+03 0.329668E+07 0.129728E+08 0.325766E+09
     5561.00  0.138539E+04 0.298563E+07 0.139510E+08 0.278468E+09
     5611.00  0.191062E+04 0.269699E+07 0.147979E+08 0.236389E+09
     5661.00  0.245907E+04 0.242991E+07 0.155102E+08 0.199163E+09
     5711.00  0.301289E+04 0.218347E+07 0.160879E+08 0.166424E+09
     5761.00  0.355757E+04 0.195669E+07 0.165333E+08 0.137812E+09
     5811.00  0.408160E+04 0.174858E+07 0.168511E+08 0.112971E+09
     5861.00  0.457597E+04 0.155812E+07 0.170476E+08 0.915626E+08
     5911.00  0.503390E+04 0.138430E+07 0.171300E+08 0.732570E+08
     5961.00  0.545049E+04 0.122611E+07 0.171068E+08 0.577427E+08
     6011.00  0.582245E+04 0.108253E+07 0.169867E+08 0.447247E+08
     6061.00  0.614785E+04 0.952590E+06 0.167789E+08 0.339257E+08
     6111.00  0.642586E+04 0.835331E+06 0.164929E+08 0.250873E+08
     6161.00  0.665665E+04 0.729828E+06 0.161379E+08 0.179697E+08
     6211.00  0.684110E+04 0.635191E+06 0.157231E+08 0.123517E+08
     6261.00  0.698074E+04 0.550567E+06 0.152571E+08 0.803066E+07
     6311.00  0.707755E+04 0.475141E+06 0.147485E+08 0.482177E+07
     6361.00  0.713390E+04 0.408142E+06 0.142053E+08 0.255758E+07
     6411.00  0.715241E+04 0.348839E+06 0.136348E+08 0.108717E+07
     6461.00  0.713589E+04 0.296543E+06 0.130439E+08 0.275404E+06
     6511.00  0.708726E+04 0.250609E+06 0.124391E+08 0.195322E+04
     6561.00  0.700947E+04 0.210433E+06 0.118260E+08 0.160408E+06
     6611.00  0.690551E+04 0.175451E+06 0.112100E+08 0.657296E+06
     6661.00  0.677827E+04 0.145141E+06 0.105956E+08 0.141111E+07
     6711.00  0.663063E+04 0.119019E+06 0.998706E+07 0.235135E+07
     6761.00  0.646532E+04 0.966373E+05 0.938792E+07 0.341759E+07
     6811.00  0.628496E+04 0.775849E+05 0.880132E+07 0.455853E+07
     6861.00  0.609204E+04 0.614844E+05 0.822990E+07 0.573115E+07
     6911.00  0.588888E+04 0.479911E+05 0.767591E+07 0.689986E+07
     6961.00  0.567765E+04 0.367906E+05 0.714114E+07 0.803566E+07
     7011.00  0.546038E+04 0.275970E+05 0.662706E+07 0.911548E+07
     7061.00  0.523889E+04 0.201517E+05 0.613477E+07 0.101214E+08
     7111.00  0.501488E+04 0.142212E+05 0.566508E+07 0.110399E+08
     7161.00  0.478988E+04 0.959537E+04 0.521852E+07 0.118617E+08
     7211.00  0.456526E+04 0.608577E+04 0.479537E+07 0.125806E+08
     7261.00  0.434224E+04 0.352421E+04 0.439569E+07 0.131934E+08
     7311.00  0.412190E+04 0.176095E+04 0.401937E+07 0.136993E+08
     7361.00  0.390520E+04 0.663321E+03 0.366611E+07 0.140995E+08
     7411.00  0.369295E+04 0.114226E+03 0.333547E+07 0.143970E+08
     7511.00  0.328449E+04 0.263193E+03 0.273974E+07 0.147012E+08
     7611.00  0.290084E+04 0.153331E+04 0.222662E+07 0.146561E+08
     7711.00  0.254479E+04 0.342045E+04 0.178953E+07 0.143152E+08
     7811.00  0.221790E+04 0.555830E+04 0.142128E+07 0.137352E+08
     7911.00  0.192069E+04 0.769028E+04 0.111448E+07 0.129720E+08
     8011.00  0.165288E+04 0.964585E+04 0.861782E+06 0.120780E+08
     8111.00  0.141355E+04 0.113206E+05 0.656133E+06 0.111004E+08
     8211.00  0.120135E+04 0.126596E+05 0.490896E+06 0.100799E+08
     8311.00  0.101459E+04 0.136446E+05 0.359955E+06 0.905058E+07
     8411.00  0.851408E+03 0.142828E+05 0.257777E+06 0.804005E+07
     8511.00  0.709802E+03 0.145985E+05 0.179424E+06 0.706961E+07
     8611.00  0.587756E+03 0.146268E+05 0.120553E+06 0.615501E+07
     8711.00  0.483273E+03 0.144082E+05 0.773990E+05 0.530699E+07
     8811.00  0.394425E+03 0.139853E+05 0.467353E+05 0.453212E+07
     8911.00  0.319386E+03 0.134001E+05 0.258339E+05 0.383347E+07
     9011.00  0.256446E+03 0.126920E+05 0.124168E+05 0.321129E+07
     9111.00  0.204034E+03 0.118971E+05 0.460697E+04 0.266365E+07
     9211.00  0.160713E+03 0.110469E+05 0.879327E+03 0.218700E+07
     9311.00  0.125189E+03 0.101687E+05 0.131981E+02 0.177666E+07
     9411.00  0.963065E+02 0.928524E+04 0.104803E+04 0.142720E+07
     9511.00  0.730394E+02 0.841503E+04 0.324250E+04 0.113280E+07
     9611.00  0.544875E+02 0.757262E+04 0.603768E+04 0.887515E+06
     9711.00  0.398651E+02 0.676900E+04 0.902422E+04 0.685488E+06
     9811.00  0.284922E+02 0.601208E+04 0.119137E+05 0.521083E+06
     9911.00  0.197841E+02 0.530706E+04 0.145138E+05 0.389013E+06
    10011.00  0.132419E+02 0.465694E+04 0.167072E+05 0.284406E+06
    10111.00  0.844293E+01 0.406285E+04 0.184339E+05 0.202848E+06
    10211.00  0.503155E+01 0.352449E+04 0.196765E+05 0.140399E+06
    10311.00  0.271071E+01 0.304037E+04 0.204481E+05 0.935891E+05
    10411.00  0.123425E+01 0.260817E+04 0.207827E+05 0.594033E+05
    10511.00  0.399829E+00 0.222497E+04 0.207275E+05 0.352551E+05
    10611.00  0.425430E-01 0.188742E+04 0.203368E+05 0.189532E+05
    10711.00  0.293123E-01 0.159194E+04 0.196681E+05 0.866509E+04
    10811.00  0.253873E+00 0.133487E+04 0.187778E+05 0.287793E+04
    10911.00  0.632414E+00 0.111255E+04 0.177198E+05 0.360615E+03
    11011.00  0.109979E+01 0.921424E+03 0.165435E+05 0.126276E+03
    11111.00  0.160623E+01 0.758072E+03 0.152929E+05 0.139727E+04
    11211.00  0.211459E+01 0.619289E+03 0.140063E+05 0.357272E+04
    11311.00  0.259790E+01 0.502090E+03 0.127157E+05 0.619916E+04
    11411.00  0.303741E+01 0.403732E+03 0.114478E+05 0.894431E+04
    11511.00  0.342088E+01 0.321721E+03 0.102237E+05 0.115741E+05
    11611.00  0.374121E+01 0.253807E+03 0.905936E+04 0.139325E+05
    11711.00  0.399523E+01 0.197977E+03 0.796655E+04 0.159251E+05
    11811.00  0.418276E+01 0.152446E+03 0.695304E+04 0.175037E+05
    11911.00  0.430589E+01 0.115639E+03 0.602333E+04 0.186553E+05
    12011.00  0.436826E+01 0.861800E+02 0.517914E+04 0.193921E+05
    12111.00  0.437464E+01 0.628706E+02 0.441995E+04 0.197432E+05
    12211.00  0.433051E+01 0.446753E+02 0.374346E+04 0.197487E+05
    12311.00  0.424171E+01 0.307041E+02 0.314599E+04 0.194548E+05
    12411.00  0.411426E+01 0.201964E+02 0.262288E+04 0.189101E+05
    12511.00  0.395415E+01 0.125059E+02 0.216880E+04 0.181627E+05
    12611.00  0.376716E+01 0.708664E+01 0.177799E+04 0.172584E+05
    12711.00  0.355887E+01 0.347965E+01 0.144453E+04 0.162397E+05
    12811.00  0.333447E+01 0.130147E+01 0.116248E+04 0.151444E+05
    12911.00  0.309880E+01 0.233506E+00 0.926073E+03 0.140057E+05
    13011.00  0.285628E+01 0.126034E-01 0.729750E+03 0.128520E+05
    13111.00  0.261092E+01 0.422761E+00 0.568302E+03 0.117068E+05
    13211.00  0.236629E+01 0.128785E+01 0.436895E+03 0.105892E+05
    13311.00  0.212555E+01 0.246528E+01 0.331113E+03 0.951429E+04
    13411.00  0.189145E+01 0.384053E+01 0.246964E+03 0.849324E+04
    13511.00  0.166634E+01 0.532246E+01 0.180891E+03 0.753413E+04
    13611.00  0.145221E+01 0.683930E+01 0.129754E+03 0.664216E+04
    13711.00  0.125067E+01 0.833527E+01 0.908145E+02 0.582021E+04
    13811.00  0.106303E+01 0.976769E+01 0.617125E+02 0.506916E+04
    13911.00  0.890240E+00 0.111046E+02 0.404349E+02 0.438831E+04
    14011.00  0.733000E+00 0.123228E+02 0.252858E+02 0.377573E+04
    14111.00  0.591721E+00 0.134061E+02 0.148542E+02 0.322851E+04
    14211.00  0.466573E+00 0.143441E+02 0.798115E+01 0.274307E+04
    14311.00  0.357503E+00 0.151310E+02 0.372841E+01 0.231536E+04
    14411.00  0.264255E+00 0.157645E+02 0.134835E+01 0.194104E+04
    14511.00  0.186392E+00 0.162456E+02 0.255782E+00 0.161561E+04
    14611.00  0.123317E+00 0.165773E+02 0.205307E-02 0.133460E+04
    14711.00  0.742967E-01 0.167647E+02 0.251606E+00 0.109359E+04
    14811.00  0.384772E-01 0.168143E+02 0.761069E+00 0.888352E+03
    14911.00  0.149076E-01 0.167339E+02 0.136088E+01 0.714839E+03
    15011.00  0.255701E-02 0.165321E+02 0.193939E+01 0.569273E+03
    15111.00  0.334001E-03 0.162183E+02 0.242925E+01 0.448146E+03
    15211.00  0.710429E-02 0.158024E+02 0.279609E+01 0.348240E+03
    15311.00  0.217078E-01 0.152948E+02 0.302909E+01 0.266626E+03
    15411.00  0.429751E-01 0.147062E+02 0.313342E+01 0.200661E+03
    15511.00  0.697422E-01 0.140473E+02 0.312428E+01 0.147986E+03
    15611.00  0.100865E+00 0.133291E+02 0.302222E+01 0.106502E+03
    15711.00  0.135234E+00 0.125624E+02 0.284985E+01 0.743647E+02
    15811.00  0.171782E+00 0.117581E+02 0.262934E+01 0.499594E+02
    15911.00  0.209500E+00 0.109266E+02 0.238084E+01 0.318863E+02
    16011.00  0.247444E+00 0.100782E+02 0.212155E+01 0.189401E+02
    16111.00  0.284743E+00 0.922291E+01 0.186531E+01 0.100913E+02
    16211.00  0.320605E+00 0.837012E+01 0.162250E+01 0.446750E+01
    16311.00  0.354325E+00 0.752877E+01 0.140032E+01 0.133630E+01
    16411.00  0.385286E+00 0.670718E+01 0.120312E+01 0.881483E-01
    16511.00  0.412965E+00 0.591301E+01 0.103299E+01 0.221091E+00
    16611.00  0.436930E+00 0.515317E+01 0.890191E+00 0.132641E+01
    16711.00  0.456845E+00 0.443383E+01 0.773794E+00 0.307559E+01
    16811.00  0.472462E+00 0.376028E+01 0.682093E+00 0.520856E+01
    16911.00  0.483628E+00 0.313699E+01 0.613065E+00 0.752308E+01
    17011.00  0.490271E+00 0.256753E+01 0.564704E+00 0.986542E+01
    17111.00  0.492405E+00 0.205456E+01 0.535275E+00 0.121220E+02
    17211.00  0.490119E+00 0.159989E+01 0.523493E+00 0.142122E+02
    17311.00  0.483572E+00 0.120440E+01 0.528606E+00 0.160823E+02
    17411.00  0.472988E+00 0.868142E+00 0.550413E+00 0.176994E+02
    17511.00  0.458649E+00 0.590335E+00 0.589222E+00 0.190479E+02
    17611.00  0.440885E+00 0.369427E+00 0.645758E+00 0.201246E+02
    17711.00  0.420069E+00 0.203146E+00 0.721033E+00 0.209360E+02
    17811.00  0.396606E+00 0.885690E-01 0.816199E+00 0.214957E+02
    17911.00  0.370931E+00 0.221957E-01 0.932388E+00 0.218217E+02
    18011.00  0.343492E+00 0.284440E-04 0.107056E+01 0.219352E+02
    18111.00  0.314752E+00 0.176581E-01 0.123133E+01 0.218589E+02
    18211.00  0.285175E+00 0.703530E-01 0.141491E+01 0.216161E+02
    18311.00  0.255223E+00 0.153150E+00 0.162090E+01 0.212295E+02
    18411.00  0.225345E+00 0.260946E+00 0.184832E+01 0.207213E+02
    18511.00  0.195976E+00 0.388587E+00 0.209551E+01 0.201120E+02
    18611.00  0.167529E+00 0.530957E+00 0.236013E+01 0.194207E+02
    18711.00  0.140390E+00 0.683058E+00 0.263918E+01 0.186647E+02
    18811.00  0.114912E+00 0.840089E+00 0.292907E+01 0.178595E+02
    18911.00  0.914161E-01 0.997518E+00 0.322566E+01 0.170189E+02
    19011.00  0.701849E-01 0.115114E+01 0.352439E+01 0.161547E+02
    19111.00  0.514610E-01 0.129713E+01 0.382039E+01 0.152773E+02
    19311.00  0.222971E-01 0.155315E+01 0.438388E+01 0.135169E+02
    19511.00  0.502213E-02 0.174413E+01 0.487568E+01 0.117926E+02
    19711.00  0.557277E-04 0.185666E+01 0.525873E+01 0.101422E+02
    19911.00  0.717129E-02 0.188535E+01 0.550306E+01 0.859058E+01
    20111.00  0.255570E-01 0.183231E+01 0.558877E+01 0.715342E+01
    20311.00  0.538999E-01 0.170616E+01 0.550782E+01 0.584056E+01
    20511.00  0.904867E-01 0.152067E+01 0.526449E+01 0.465799E+01
    20711.00  0.133313E+00 0.129319E+01 0.487478E+01 0.360942E+01
    20911.00  0.180200E+00 0.104294E+01 0.436459E+01 0.269710E+01
    21111.00  0.228899E+00 0.789427E+00 0.376727E+01 0.192208E+01
    21311.00  0.277204E+00 0.550903E+00 0.312064E+01 0.128415E+01
    21511.00  0.323038E+00 0.343152E+00 0.246384E+01 0.781405E+00
    21711.00  0.364537E+00 0.178543E+00 0.183443E+01 0.409841E+00
    21911.00  0.400110E+00 0.654248E-01 0.126574E+01 0.162864E+00
    22111.00  0.428485E+00 0.786641E-02 0.784892E+00 0.309694E-01
    22311.00  0.448744E+00 0.573102E-02 0.411405E+00 0.164469E-02
    22511.00  0.460328E+00 0.550324E-01 0.156545E+00 0.595321E-01
    22711.00  0.463042E+00 0.148527E+00 0.233150E-01 0.186889E+00
    22911.00  0.457033E+00 0.276473E+00 0.701619E-02 0.364312E+00
    23111.00  0.442770E+00 0.427492E+00 0.962931E-01 0.571679E+00
    23311.00  0.420999E+00 0.589454E+00 0.274501E+00 0.789212E+00
    23511.00  0.392702E+00 0.750339E+00 0.521266E+00 0.998569E+00
    23711.00  0.359049E+00 0.899011E+00 0.814114E+00 0.118387E+01
    23911.00  0.321342E+00 0.102586E+01 0.113003E+01 0.133250E+01
    24111.00  0.280967E+00 0.112330E+01 0.144687E+01 0.143574E+01
    24311.00  0.239336E+00 0.118607E+01 0.174456E+01 0.148897E+01
    24511.00  0.197841E+00 0.121143E+01 0.200605E+01 0.149167E+01
    24711.00  0.157808E+00 0.119907E+01 0.221788E+01 0.144697E+01
    24911.00  0.120458E+00 0.115101E+01 0.237063E+01 0.136112E+01
    25111.00  0.868675E-01 0.107127E+01 0.245894E+01 0.124256E+01
    25311.00  0.579471E-01 0.965513E+00 0.248139E+01 0.110107E+01
    25511.00  0.344175E-01 0.840577E+00 0.244016E+01 0.946785E+00
    25711.00  0.167962E-01 0.704024E+00 0.234054E+01 0.789363E+00
    25911.00  0.539210E-02 0.563661E+00 0.219034E+01 0.637263E+00
    26111.00  0.305060E-03 0.427078E+00 0.199919E+01 0.497227E+00
    26311.00  0.143304E-02 0.301271E+00 0.177793E+01 0.374014E+00
    26511.00  0.848463E-02 0.192287E+00 0.153790E+01 0.270317E+00
    26711.00  0.209968E-01 0.104987E+00 0.129037E+01 0.186921E+00
    26911.00  0.383565E-01 0.428595E-01 0.104594E+01 0.122987E+00



