
         25        25         5       781C   C   D    0.822591500D+05
 E STATE HAS LABEL C   
 VIBRATIONAL LEVELS FOR STATE E IN 1/CM FOR J= 24
      -5895.04707     -4352.24294     -2941.52990     -1670.90335
      -552.96958
 PROPORTION OF STATE C   
  0.999999E+00 0.999998E+00 0.999997E+00 0.999996E+00 0.999996E+00
 PROPORTION OF STATE D   
  0.964934E-06 0.226448E-05 0.308118E-05 0.356867E-05 0.385507E-05
 TABLE FOR EMISSION PROBABILITIES   E(J= 24,IE) ==>F(J= 24,IF)
         IE==>      0            1            2            3
        1.00  0.000000E+00 0.000000E+00 0.000000E+00 0.000000E+00
        2.00  0.000000E+00 0.000000E+00 0.000000E+00 0.000000E+00
        3.00  0.000000E+00 0.000000E+00 0.000000E+00 0.000000E+00
        4.00  0.000000E+00 0.000000E+00 0.000000E+00 0.000000E+00
        5.00  0.000000E+00 0.000000E+00 0.000000E+00 0.000000E+00
        6.00  0.000000E+00 0.000000E+00 0.000000E+00 0.000000E+00
        7.00  0.000000E+00 0.000000E+00 0.000000E+00 0.000000E+00
        8.00  0.000000E+00 0.000000E+00 0.000000E+00 0.000000E+00
        9.00  0.000000E+00 0.000000E+00 0.000000E+00 0.000000E+00
       10.00  0.000000E+00 0.000000E+00 0.000000E+00 0.000000E+00
       11.00  0.000000E+00 0.000000E+00 0.000000E+00 0.000000E+00
       12.00  0.000000E+00 0.000000E+00 0.000000E+00 0.000000E+00
       13.00  0.000000E+00 0.000000E+00 0.000000E+00 0.000000E+00
       14.00  0.000000E+00 0.000000E+00 0.000000E+00 0.000000E+00
       15.00  0.000000E+00 0.000000E+00 0.000000E+00 0.000000E+00
       16.00  0.000000E+00 0.000000E+00 0.000000E+00 0.000000E+00
       17.00  0.000000E+00 0.000000E+00 0.000000E+00 0.000000E+00
       18.00  0.000000E+00 0.000000E+00 0.000000E+00 0.000000E+00
       19.00  0.000000E+00 0.000000E+00 0.000000E+00 0.252460E-37
       20.00  0.000000E+00 0.000000E+00 0.000000E+00 0.884302E-37
       21.00  0.000000E+00 0.000000E+00 0.319426E-37 0.291327E-36
       22.00  0.000000E+00 0.000000E+00 0.100222E-36 0.907841E-36
       23.00  0.000000E+00 0.166170E-37 0.298929E-36 0.268929E-35
       24.00  0.000000E+00 0.474697E-37 0.851253E-36 0.760568E-35
       25.00  0.000000E+00 0.129961E-36 0.232316E-35 0.206137E-34
       26.00  0.000000E+00 0.342129E-36 0.609649E-35 0.537204E-34
       27.00  0.000000E+00 0.868634E-36 0.154294E-34 0.135014E-33
       28.00  0.000000E+00 0.213255E-35 0.377598E-34 0.328107E-33
       29.00  0.000000E+00 0.507459E-35 0.895674E-34 0.772821E-33
       30.00  0.000000E+00 0.117291E-34 0.206362E-33 0.176802E-32
       31.00  0.230684E-37 0.263828E-34 0.462702E-33 0.393617E-32
       32.00  0.509263E-37 0.578522E-34 0.101138E-32 0.854256E-32
       33.00  0.109770E-36 0.123864E-33 0.215850E-32 0.181014E-31
       34.00  0.231344E-36 0.259309E-33 0.450437E-32 0.375030E-31
       35.00  0.477351E-36 0.531500E-33 0.920299E-32 0.760708E-31
       36.00  0.965473E-36 0.106788E-32 0.184312E-31 0.151247E-30
       37.00  0.191620E-35 0.210547E-32 0.362233E-31 0.295086E-30
       38.00  0.373577E-35 0.407779E-32 0.699306E-31 0.565511E-30
       39.00  0.716079E-35 0.776520E-32 0.132738E-30 0.106554E-29
       40.00  0.135069E-34 0.145514E-31 0.247942E-30 0.197563E-29
       42.00  0.459362E-34 0.488478E-31 0.826963E-30 0.649172E-29
       44.00  0.147793E-33 0.155141E-30 0.260950E-29 0.201784E-28
       46.00  0.452071E-33 0.468487E-30 0.782909E-29 0.596258E-28
       48.00  0.132035E-32 0.135094E-29 0.224299E-28 0.168219E-27
       50.00  0.369612E-32 0.373413E-29 0.615954E-28 0.454839E-27
       52.00  0.995022E-32 0.992676E-29 0.162678E-27 0.118258E-26
       54.00  0.258368E-31 0.254555E-28 0.414436E-27 0.296539E-26
       56.00  0.648803E-31 0.631332E-28 0.102113E-26 0.719049E-26
       58.00  0.157937E-30 0.151798E-27 0.243911E-26 0.169000E-25
       60.00  0.373484E-30 0.354591E-27 0.566016E-26 0.385823E-25
       62.00  0.859638E-30 0.806264E-27 0.127852E-25 0.857224E-25
       64.00  0.192915E-29 0.178759E-26 0.281590E-25 0.185677E-24
       66.00  0.422777E-29 0.387067E-26 0.605687E-25 0.392700E-24
       68.00  0.906092E-29 0.819698E-26 0.127415E-24 0.812130E-24
       70.00  0.190161E-28 0.169997E-25 0.262486E-24 0.164445E-23
       72.00  0.391273E-28 0.345677E-25 0.530183E-24 0.326411E-23
       74.00  0.790185E-28 0.689955E-25 0.105114E-23 0.635822E-23
       76.00  0.156787E-27 0.135311E-24 0.204761E-23 0.121667E-22
       78.00  0.305934E-27 0.260985E-24 0.392281E-23 0.228920E-22
       80.00  0.587576E-27 0.495501E-24 0.739753E-23 0.423876E-22
       82.00  0.111164E-26 0.926764E-24 0.137424E-22 0.773014E-22
       84.00  0.207328E-26 0.170889E-23 0.251682E-22 0.138948E-21
       86.00  0.381454E-26 0.310871E-23 0.454732E-22 0.246337E-21
       88.00  0.692790E-26 0.558276E-23 0.811060E-22 0.431023E-21
       90.00  0.124279E-25 0.990341E-23 0.142892E-21 0.744775E-21
       92.00  0.220334E-25 0.173633E-22 0.248811E-21 0.127159E-20
       94.00  0.386258E-25 0.301039E-22 0.428413E-21 0.214631E-20
       96.00  0.669894E-25 0.516383E-22 0.729808E-21 0.358326E-20
       98.00  0.114993E-24 0.876767E-22 0.123058E-20 0.591973E-20
      100.00  0.195464E-24 0.147419E-21 0.205474E-20 0.968177E-20
      102.00  0.329132E-24 0.245560E-21 0.339885E-20 0.156825E-19
      104.00  0.549234E-24 0.405387E-21 0.557194E-20 0.251680E-19
      106.00  0.908634E-24 0.663517E-21 0.905613E-20 0.400327E-19
      108.00  0.149080E-23 0.107711E-20 0.145980E-19 0.631344E-19
      110.00  0.242659E-23 0.173475E-20 0.233458E-19 0.987513E-19
      112.00  0.391974E-23 0.277283E-20 0.370529E-19 0.153243E-18
      114.00  0.628543E-23 0.439999E-20 0.583806E-19 0.235998E-18
      116.00  0.100082E-22 0.693341E-20 0.913428E-19 0.360784E-18
      118.00  0.158286E-22 0.108525E-19 0.141957E-18 0.547664E-18
      122.00  0.388389E-22 0.260866E-19 0.336371E-18 0.123670E-17
      126.00  0.930401E-22 0.612319E-19 0.778242E-18 0.272264E-17
      130.00  0.217999E-21 0.140607E-18 0.176134E-17 0.585386E-17
      134.00  0.500456E-21 0.316409E-18 0.390611E-17 0.123117E-16
      138.00  0.112746E-20 0.698876E-18 0.850189E-17 0.253667E-16
      142.00  0.249642E-20 0.151746E-17 0.181892E-16 0.512723E-16
      146.00  0.544069E-20 0.324365E-17 0.383063E-16 0.101799E-15
      150.00  0.116874E-19 0.683531E-17 0.795231E-16 0.198788E-15
      154.00  0.247805E-19 0.142196E-16 0.162959E-15 0.382246E-15
      158.00  0.519306E-19 0.292424E-16 0.330079E-15 0.724619E-15
      162.00  0.107709E-18 0.595290E-16 0.661766E-15 0.135579E-14
      166.00  0.221416E-18 0.120128E-15 0.131506E-14 0.250665E-14
      170.00  0.451778E-18 0.240651E-15 0.259401E-14 0.458490E-14
      174.00  0.916385E-18 0.479336E-15 0.508696E-14 0.830692E-14
      178.00  0.185099E-17 0.950892E-15 0.993431E-14 0.149282E-13
      182.00  0.373012E-17 0.188228E-14 0.193566E-13 0.266486E-13
      186.00  0.751590E-17 0.372596E-14 0.377118E-13 0.473355E-13
      190.00  0.151807E-16 0.739450E-14 0.736529E-13 0.838339E-13
      194.00  0.308325E-16 0.147587E-13 0.144651E-12 0.148407E-12
      198.00  0.632182E-16 0.297417E-13 0.286800E-12 0.263435E-12
      202.00  0.131528E-15 0.608256E-13 0.577016E-12 0.470887E-12
      206.00  0.279628E-15 0.127130E-12 0.118627E-11 0.852620E-12
      210.00  0.613595E-15 0.274289E-12 0.251724E-11 0.157752E-11
      214.00  0.141114E-14 0.620311E-12 0.559824E-11 0.302353E-11
      218.00  0.348855E-14 0.150818E-11 0.133833E-10 0.614442E-11
      222.00  0.971722E-14 0.413213E-11 0.360491E-10 0.138408E-10
      226.00  0.338635E-13 0.141657E-10 0.121482E-09 0.382400E-10
      230.00  0.205316E-12 0.844998E-10 0.712232E-09 0.179356E-09
      234.00  0.737250E-09 0.298555E-06 0.247299E-05 0.482944E-06
      238.00  0.523311E-12 0.208543E-09 0.169732E-08 0.246793E-09
      242.00  0.193901E-12 0.760487E-10 0.608084E-09 0.622696E-10
      246.00  0.128697E-12 0.496823E-10 0.390224E-09 0.259665E-10
      250.00  0.107784E-12 0.409598E-10 0.315969E-09 0.120339E-10
      254.00  0.102201E-12 0.382360E-10 0.289645E-09 0.501410E-11
      258.00  0.104579E-12 0.385231E-10 0.286519E-09 0.129327E-11
      262.00  0.112586E-12 0.408381E-10 0.298170E-09 0.115412E-14
      266.00  0.125611E-12 0.448700E-10 0.321552E-09 0.132138E-11
      270.00  0.143841E-12 0.506057E-10 0.355891E-09 0.611288E-11
      274.00  0.167961E-12 0.582045E-10 0.401626E-09 0.158923E-10
      282.00  0.238669E-12 0.802650E-10 0.532911E-09 0.607001E-10
      290.00  0.351765E-12 0.114847E-09 0.733150E-09 0.168967E-09
      298.00  0.530224E-12 0.168119E-09 0.103109E-08 0.405240E-09
      306.00  0.810218E-12 0.249571E-09 0.146938E-08 0.890107E-09
      314.00  0.124790E-11 0.373549E-09 0.210951E-08 0.184253E-08
      322.00  0.192973E-11 0.561531E-09 0.303891E-08 0.365079E-08
      330.00  0.298795E-11 0.845451E-09 0.438069E-08 0.698929E-08
      338.00  0.462350E-11 0.127248E-08 0.630656E-08 0.130079E-07
      346.00  0.713987E-11 0.191185E-08 0.905400E-08 0.236342E-07
      354.00  0.109924E-10 0.286455E-08 0.129486E-07 0.420500E-07
      362.00  0.168601E-10 0.427698E-08 0.184329E-07 0.734323E-07
      370.00  0.257492E-10 0.636008E-08 0.261031E-07 0.126093E-06
      378.00  0.391421E-10 0.941602E-08 0.367557E-07 0.213213E-06
      386.00  0.592090E-10 0.138751E-07 0.514455E-07 0.355449E-06
      394.00  0.891083E-10 0.203464E-07 0.715558E-07 0.584823E-06
      402.00  0.133410E-09 0.296874E-07 0.988851E-07 0.950450E-06
      410.00  0.198687E-09 0.430982E-07 0.135749E-06 0.152693E-05
      418.00  0.294344E-09 0.622494E-07 0.185099E-06 0.242650E-05
      426.00  0.433758E-09 0.894546E-07 0.250663E-06 0.381655E-05
      434.00  0.635863E-09 0.127901E-06 0.337098E-06 0.594456E-05
      442.00  0.927313E-09 0.181957E-06 0.450159E-06 0.917354E-05
      450.00  0.134543E-08 0.257580E-06 0.596873E-06 0.140317E-04
      458.00  0.194225E-08 0.362855E-06 0.785718E-06 0.212821E-04
      466.00  0.278991E-08 0.508705E-06 0.102678E-05 0.320190E-04
      474.00  0.398799E-08 0.709815E-06 0.133186E-05 0.478010E-04
      482.00  0.567337E-08 0.985847E-06 0.171461E-05 0.708338E-04
      490.00  0.803324E-08 0.136301E-05 0.219039E-05 0.104219E-03
      498.00  0.113226E-07 0.187610E-05 0.277621E-05 0.152291E-03
      506.00  0.158874E-07 0.257109E-05 0.349029E-05 0.221075E-03
      514.00  0.221948E-07 0.350853E-05 0.435145E-05 0.318891E-03
      522.00  0.308734E-07 0.476783E-05 0.537811E-05 0.457175E-03
      530.00  0.427655E-07 0.645271E-05 0.658696E-05 0.651560E-03
      538.00  0.589959E-07 0.869824E-05 0.799100E-05 0.923310E-03
      546.00  0.810609E-07 0.116796E-04 0.959700E-05 0.130120E-02
      554.00  0.110944E-06 0.156233E-04 0.114024E-04 0.182402E-02
      562.00  0.151266E-06 0.208209E-04 0.133913E-04 0.254374E-02
      570.00  0.205474E-06 0.276472E-04 0.155300E-04 0.352978E-02
      578.00  0.278096E-06 0.365813E-04 0.177619E-04 0.487442E-02
      586.00  0.375051E-06 0.482350E-04 0.200024E-04 0.669983E-02
      596.00  0.542433E-06 0.678308E-04 0.226325E-04 0.990773E-02
      606.00  0.780410E-06 0.948990E-04 0.247800E-04 0.145519E-01
      616.00  0.111709E-05 0.132109E-03 0.260484E-04 0.212330E-01
      626.00  0.159113E-05 0.183021E-03 0.259779E-04 0.307860E-01
      636.00  0.225549E-05 0.252364E-03 0.241122E-04 0.443652E-01
      646.00  0.318241E-05 0.346394E-03 0.201345E-04 0.635584E-01
      656.00  0.447004E-05 0.473358E-03 0.141180E-04 0.905387E-01
      666.00  0.625123E-05 0.644078E-03 0.695405E-05 0.128267E+00
      676.00  0.870516E-05 0.872715E-03 0.105092E-05 0.180755E+00
      686.00  0.120725E-04 0.117772E-02 0.143754E-05 0.253423E+00
      696.00  0.166758E-04 0.158308E-02 0.174618E-04 0.353551E+00
      706.00  0.229450E-04 0.211980E-02 0.653502E-04 0.490885E+00
      716.00  0.314526E-04 0.282796E-02 0.172002E-03 0.678419E+00
      726.00  0.429576E-04 0.375907E-02 0.380529E-03 0.933413E+00
      736.00  0.584640E-04 0.497924E-02 0.758257E-03 0.127870E+01
      746.00  0.792953E-04 0.657302E-02 0.140813E-02 0.174441E+01
      756.00  0.107192E-03 0.864824E-02 0.248486E-02 0.237010E+01
      766.00  0.144436E-03 0.113421E-01 0.421752E-02 0.320762E+01
      776.00  0.194012E-03 0.148286E-01 0.694101E-02 0.432463E+01
      786.00  0.259816E-03 0.193282E-01 0.111395E-01 0.580925E+01
      796.00  0.346920E-03 0.251189E-01 0.175063E-01 0.777584E+01
      806.00  0.461911E-03 0.325514E-01 0.270247E-01 0.103724E+02
      816.00  0.613325E-03 0.420661E-01 0.410794E-01 0.137901E+02
      826.00  0.812203E-03 0.542155E-01 0.616049E-01 0.182749E+02
      836.00  0.107280E-02 0.696913E-01 0.912870E-01 0.241428E+02
      846.00  0.141346E-02 0.893575E-01 0.133831E+00 0.317988E+02
      856.00  0.185782E-02 0.114291E+00 0.194323E+00 0.417604E+02
      866.00  0.243617E-02 0.145834E+00 0.279702E+00 0.546881E+02
      876.00  0.318738E-02 0.185653E+00 0.399397E+00 0.714226E+02
      886.00  0.416115E-02 0.235813E+00 0.566162E+00 0.930322E+02
      896.00  0.542102E-02 0.298876E+00 0.797169E+00 0.120871E+03
      906.00  0.704802E-02 0.378006E+00 0.111546E+01 0.156655E+03
      916.00  0.914545E-02 0.477114E+00 0.155185E+01 0.202550E+03
      926.00  0.118448E-01 0.601021E+00 0.214736E+01 0.261290E+03
      936.00  0.153131E-01 0.755666E+00 0.295653E+01 0.336321E+03
      946.00  0.197628E-01 0.948357E+00 0.405154E+01 0.431977E+03
      956.00  0.254630E-01 0.118807E+01 0.552776E+01 0.553704E+03
      966.00  0.327551E-01 0.148584E+01 0.751082E+01 0.708336E+03
      976.00  0.420714E-01 0.185518E+01 0.101658E+02 0.904440E+03
      986.00  0.539591E-01 0.231266E+01 0.137094E+02 0.115274E+04
      996.00  0.691104E-01 0.287858E+01 0.184249E+02 0.146666E+04
     1006.00  0.884004E-01 0.357777E+01 0.246829E+02 0.186299E+04
     1016.00  0.112935E+00 0.444062E+01 0.329665E+02 0.236267E+04
     1026.00  0.144111E+00 0.550427E+01 0.439051E+02 0.299189E+04
     1036.00  0.183692E+00 0.681410E+01 0.583173E+02 0.378329E+04
     1046.00  0.233908E+00 0.842558E+01 0.772666E+02 0.477761E+04
     1056.00  0.297570E+00 0.104064E+02 0.102133E+03 0.602564E+04
     1066.00  0.378233E+00 0.128394E+02 0.134708E+03 0.759072E+04
     1076.00  0.480383E+00 0.158255E+02 0.177309E+03 0.955179E+04
     1086.00  0.609692E+00 0.194883E+02 0.232941E+03 0.120073E+05
     1096.00  0.773327E+00 0.239787E+02 0.305494E+03 0.150801E+05
     1106.00  0.980354E+00 0.294812E+02 0.400000E+03 0.189234E+05
     1116.00  0.124225E+01 0.362213E+02 0.522974E+03 0.237283E+05
     1126.00  0.157354E+01 0.444755E+02 0.682846E+03 0.297337E+05
     1136.00  0.199266E+01 0.545820E+02 0.890531E+03 0.372382E+05
     1146.00  0.252299E+01 0.669560E+02 0.116017E+04 0.466153E+05
     1156.00  0.319427E+01 0.821071E+02 0.151007E+04 0.583331E+05
     1166.00  0.404433E+01 0.100662E+03 0.196402E+04 0.729784E+05
     1176.00  0.512144E+01 0.123392E+03 0.255288E+04 0.912890E+05
     1186.00  0.648724E+01 0.151249E+03 0.331677E+04 0.114193E+06
     1196.00  0.822064E+01 0.185411E+03 0.430795E+04 0.142861E+06
     1206.00  0.104229E+02 0.227335E+03 0.559460E+04 0.178772E+06
     1216.00  0.132242E+02 0.278832E+03 0.726582E+04 0.223800E+06
     1226.00  0.167928E+02 0.342159E+03 0.943841E+04 0.280329E+06
     1236.00  0.213462E+02 0.420136E+03 0.122658E+05 0.351395E+06
     1246.00  0.271669E+02 0.516301E+03 0.159502E+05 0.440882E+06
     1256.00  0.346238E+02 0.635110E+03 0.207590E+05 0.553781E+06
     1266.00  0.441996E+02 0.782196E+03 0.270474E+05 0.696528E+06
     1276.00  0.565299E+02 0.964726E+03 0.352887E+05 0.877466E+06
     1286.00  0.724558E+02 0.119185E+04 0.461175E+05 0.110747E+07
     1296.00  0.930970E+02 0.147536E+04 0.603884E+05 0.140079E+07
     1306.00  0.119954E+03 0.183049E+04 0.792603E+05 0.177625E+07
     1316.00  0.155051E+03 0.227714E+04 0.104315E+06 0.225887E+07
     1326.00  0.201147E+03 0.284151E+04 0.137729E+06 0.288221E+07
     1336.00  0.262027E+03 0.355838E+04 0.182523E+06 0.369169E+07
     1346.00  0.342946E+03 0.447449E+04 0.242930E+06 0.474945E+07
     1356.00  0.451285E+03 0.565336E+04 0.324953E+06 0.614149E+07
     1366.00  0.597543E+03 0.718255E+04 0.437206E+06 0.798848E+07
     1376.00  0.796883E+03 0.918463E+04 0.592243E+06 0.104623E+08
     1386.00  0.107159E+04 0.118343E+05 0.808662E+06 0.138123E+08
     1396.00  0.145506E+04 0.153857E+05 0.111456E+07 0.184071E+08
     1406.00  0.199854E+04 0.202177E+05 0.155336E+07 0.248052E+08
     1416.00  0.278280E+04 0.269109E+05 0.219400E+07 0.338765E+08
     1426.00  0.393934E+04 0.363852E+05 0.314947E+07 0.470202E+08
     1436.00  0.569080E+04 0.501578E+05 0.461225E+07 0.665786E+08
     1446.00  0.843254E+04 0.708560E+05 0.692617E+07 0.966659E+08
     1456.00  0.129100E+05 0.103316E+06 0.107431E+08 0.144959E+09
     1466.00  0.206409E+05 0.157159E+06 0.173973E+08 0.226936E+09
     1476.00  0.350510E+05 0.253632E+06 0.299144E+08 0.377203E+09
     1486.00  0.650697E+05 0.446963E+06 0.562173E+08 0.685168E+09
     1496.00  0.139655E+06 0.909513E+06 0.122109E+09 0.143834E+10
     1506.00  0.395837E+06 0.244100E+07 0.350183E+09 0.398605E+10
     1516.00  0.241273E+07 0.140692E+08 0.215908E+10 0.237461E+11
     1526.00  0.321795E+08 0.177182E+09 0.291217E+11 0.309423E+12
     1536.00  0.127870E+07 0.663780E+07 0.116999E+10 0.120077E+11
     1546.00  0.448814E+06 0.219298E+07 0.415103E+09 0.411434E+10
     1556.00  0.246961E+06 0.113386E+07 0.230834E+09 0.220915E+10
     1566.00  0.166201E+06 0.715688E+06 0.156960E+09 0.145014E+10
     1576.00  0.125442E+06 0.505638E+06 0.119671E+09 0.106711E+10
     1586.00  0.101960E+06 0.383905E+06 0.982384E+08 0.845276E+09
     1596.00  0.872806E+05 0.306287E+06 0.849147E+08 0.704837E+09
     1606.00  0.776267E+05 0.253274E+06 0.762439E+08 0.610356E+09
     1616.00  0.710981E+05 0.215117E+06 0.704852E+08 0.544033E+09
     1626.00  0.666504E+05 0.186483E+06 0.666816E+08 0.496081E+09
     1636.00  0.636704E+05 0.164237E+06 0.642722E+08 0.460735E+09
     1646.00  0.617796E+05 0.146434E+06 0.629123E+08 0.434409E+09
     1656.00  0.607362E+05 0.131810E+06 0.623829E+08 0.414772E+09
     1666.00  0.603815E+05 0.119510E+06 0.625424E+08 0.400256E+09
     1676.00  0.606105E+05 0.108936E+06 0.632991E+08 0.389771E+09
     1686.00  0.613539E+05 0.996610E+05 0.645950E+08 0.382541E+09
     1696.00  0.625673E+05 0.913705E+05 0.663959E+08 0.378007E+09
     1706.00  0.642248E+05 0.838285E+05 0.686854E+08 0.375752E+09
     1716.00  0.663140E+05 0.768554E+05 0.714606E+08 0.375468E+09
     1726.00  0.688335E+05 0.703134E+05 0.747301E+08 0.376921E+09
     1736.00  0.717913E+05 0.640959E+05 0.785120E+08 0.379934E+09
     1746.00  0.752031E+05 0.581216E+05 0.828334E+08 0.384371E+09
     1756.00  0.790925E+05 0.523297E+05 0.877298E+08 0.390131E+09
     1766.00  0.834897E+05 0.466774E+05 0.932452E+08 0.397135E+09
     1776.00  0.884325E+05 0.411388E+05 0.994321E+08 0.405326E+09
     1786.00  0.939657E+05 0.357040E+05 0.106352E+09 0.414661E+09
     1796.00  0.100142E+06 0.303801E+05 0.114077E+09 0.425109E+09
     1806.00  0.107023E+06 0.251923E+05 0.122689E+09 0.436651E+09
     1816.00  0.114678E+06 0.201865E+05 0.132282E+09 0.449273E+09
     1826.00  0.123188E+06 0.154318E+05 0.142963E+09 0.462968E+09
     1836.00  0.132644E+06 0.110253E+05 0.154856E+09 0.477734E+09
     1846.00  0.143152E+06 0.709679E+04 0.168099E+09 0.493572E+09
     1856.00  0.154829E+06 0.381553E+04 0.182852E+09 0.510486E+09
     1866.00  0.167811E+06 0.139821E+04 0.199294E+09 0.528479E+09
     1876.00  0.182252E+06 0.118892E+03 0.217632E+09 0.547554E+09
     1886.00  0.198327E+06 0.321153E+03 0.238098E+09 0.567713E+09
     1896.00  0.216233E+06 0.243288E+04 0.260961E+09 0.588954E+09
     1906.00  0.236198E+06 0.698428E+04 0.286522E+09 0.611269E+09
     1916.00  0.258478E+06 0.146298E+05 0.315128E+09 0.634644E+09
     1926.00  0.283366E+06 0.261745E+05 0.347174E+09 0.659053E+09
     1936.00  0.311195E+06 0.426065E+05 0.383109E+09 0.684458E+09
     1946.00  0.342345E+06 0.651354E+05 0.423446E+09 0.710807E+09
     1956.00  0.377246E+06 0.952394E+05 0.468768E+09 0.738024E+09
     1966.00  0.416388E+06 0.134721E+06 0.519742E+09 0.766009E+09
     1976.00  0.460326E+06 0.185773E+06 0.577123E+09 0.794631E+09
     1986.00  0.509688E+06 0.251061E+06 0.641767E+09 0.823720E+09
     1996.00  0.565182E+06 0.333811E+06 0.714643E+09 0.853057E+09
     2006.00  0.627600E+06 0.437922E+06 0.796839E+09 0.882367E+09
     2016.00  0.697826E+06 0.568084E+06 0.889571E+09 0.911305E+09
     2026.00  0.776835E+06 0.729920E+06 0.994186E+09 0.939447E+09
     2036.00  0.865691E+06 0.930124E+06 0.111216E+10 0.966269E+09
     2046.00  0.965531E+06 0.117662E+07 0.124508E+10 0.991140E+09
     2056.00  0.107755E+07 0.147867E+07 0.139461E+10 0.101330E+10
     2066.00  0.120295E+07 0.184703E+07 0.156248E+10 0.103186E+10
     2076.00  0.134290E+07 0.229393E+07 0.175033E+10 0.104577E+10
     2086.00  0.149841E+07 0.283301E+07 0.195966E+10 0.105385E+10
     2096.00  0.167025E+07 0.347905E+07 0.219163E+10 0.105480E+10
     2106.00  0.185874E+07 0.424747E+07 0.244684E+10 0.104722E+10
     2116.00  0.206360E+07 0.515344E+07 0.272504E+10 0.102969E+10
     2126.00  0.228364E+07 0.621059E+07 0.302485E+10 0.100090E+10
     2136.00  0.251661E+07 0.742931E+07 0.334335E+10 0.959749E+09
     2146.00  0.275889E+07 0.881458E+07 0.367585E+10 0.905590E+09
     2156.00  0.300545E+07 0.103637E+08 0.401564E+10 0.838396E+09
     2166.00  0.324984E+07 0.120642E+08 0.435407E+10 0.758981E+09
     2176.00  0.348449E+07 0.138923E+08 0.468085E+10 0.669146E+09
     2186.00  0.370117E+07 0.158130E+08 0.498475E+10 0.571726E+09
     2196.00  0.389178E+07 0.177816E+08 0.525459E+10 0.470476E+09
     2206.00  0.404919E+07 0.197469E+08 0.548039E+10 0.369805E+09
     2216.00  0.416805E+07 0.216564E+08 0.565451E+10 0.274368E+09
     2226.00  0.424537E+07 0.234615E+08 0.577250E+10 0.188602E+09
     2236.00  0.428074E+07 0.251219E+08 0.583340E+10 0.116293E+09
     2246.00  0.427620E+07 0.266094E+08 0.583959E+10 0.602636E+08
     2256.00  0.423574E+07 0.279083E+08 0.579620E+10 0.222276E+08
     2266.00  0.416465E+07 0.290155E+08 0.571020E+10 0.281580E+07
     2276.00  0.406885E+07 0.299380E+08 0.558948E+10 0.172741E+07
     2286.00  0.395429E+07 0.306901E+08 0.544206E+10 0.179543E+08
     2296.00  0.382649E+07 0.312909E+08 0.527545E+10 0.500230E+08
     2306.00  0.369030E+07 0.317613E+08 0.509628E+10 0.962135E+08
     2316.00  0.354976E+07 0.321228E+08 0.491013E+10 0.154734E+09
     2326.00  0.340810E+07 0.323952E+08 0.472148E+10 0.223844E+09
     2336.00  0.326778E+07 0.325969E+08 0.453377E+10 0.301934E+09
     2346.00  0.313062E+07 0.327436E+08 0.434958E+10 0.387567E+09
     2356.00  0.299788E+07 0.328488E+08 0.417072E+10 0.479489E+09
     2366.00  0.287038E+07 0.329236E+08 0.399840E+10 0.576631E+09
     2376.00  0.274861E+07 0.329772E+08 0.383336E+10 0.678090E+09
     2386.00  0.263279E+07 0.330167E+08 0.367598E+10 0.783113E+09
     2396.00  0.252296E+07 0.330479E+08 0.352638E+10 0.891076E+09
     2406.00  0.241904E+07 0.330753E+08 0.338447E+10 0.100146E+10
     2416.00  0.232082E+07 0.331021E+08 0.325006E+10 0.111385E+10
     2426.00  0.222808E+07 0.331309E+08 0.312286E+10 0.122787E+10
     2436.00  0.214053E+07 0.331635E+08 0.300250E+10 0.134324E+10
     2446.00  0.205786E+07 0.332010E+08 0.288862E+10 0.145971E+10
     2456.00  0.197978E+07 0.332443E+08 0.278083E+10 0.157707E+10
     2466.00  0.190598E+07 0.332938E+08 0.267872E+10 0.169513E+10
     2476.00  0.183617E+07 0.333495E+08 0.258194E+10 0.181372E+10
     2486.00  0.177006E+07 0.334114E+08 0.249009E+10 0.193271E+10
     2496.00  0.170740E+07 0.334792E+08 0.240285E+10 0.205196E+10
     2506.00  0.164793E+07 0.335527E+08 0.231987E+10 0.217135E+10
     2516.00  0.159142E+07 0.336313E+08 0.224086E+10 0.229076E+10
     2526.00  0.153766E+07 0.337145E+08 0.216554E+10 0.241008E+10
     2536.00  0.148644E+07 0.338017E+08 0.209362E+10 0.252919E+10
     2546.00  0.143758E+07 0.338924E+08 0.202489E+10 0.264800E+10
     2556.00  0.139092E+07 0.339859E+08 0.195910E+10 0.276639E+10
     2566.00  0.134630E+07 0.340815E+08 0.189605E+10 0.288426E+10
     2576.00  0.130357E+07 0.341787E+08 0.183556E+10 0.300151E+10
     2586.00  0.126260E+07 0.342767E+08 0.177744E+10 0.311802E+10
     2596.00  0.122328E+07 0.343750E+08 0.172155E+10 0.323370E+10
     2606.00  0.118549E+07 0.344730E+08 0.166773E+10 0.334843E+10
     2616.00  0.114914E+07 0.345701E+08 0.161586E+10 0.346212E+10
     2626.00  0.111413E+07 0.346656E+08 0.156581E+10 0.357466E+10
     2636.00  0.108038E+07 0.347592E+08 0.151747E+10 0.368595E+10
     2646.00  0.104782E+07 0.348502E+08 0.147075E+10 0.379588E+10
     2656.00  0.101636E+07 0.349381E+08 0.142554E+10 0.390435E+10
     2666.00  0.985954E+06 0.350226E+08 0.138176E+10 0.401127E+10
     2676.00  0.956537E+06 0.351031E+08 0.133934E+10 0.411653E+10
     2686.00  0.928056E+06 0.351792E+08 0.129821E+10 0.422004E+10
     2696.00  0.900462E+06 0.352505E+08 0.125830E+10 0.432171E+10
     2706.00  0.873709E+06 0.353167E+08 0.121956E+10 0.442145E+10
     2716.00  0.847756E+06 0.353775E+08 0.118192E+10 0.451916E+10
     2726.00  0.822565E+06 0.354325E+08 0.114534E+10 0.461478E+10
     2736.00  0.798102E+06 0.354814E+08 0.110978E+10 0.470820E+10
     2746.00  0.774334E+06 0.355240E+08 0.107519E+10 0.479937E+10
     2756.00  0.751233E+06 0.355601E+08 0.104154E+10 0.488820E+10
     2766.00  0.728771E+06 0.355895E+08 0.100879E+10 0.497463E+10
     2776.00  0.706923E+06 0.356119E+08 0.976914E+09 0.505860E+10
     2786.00  0.685665E+06 0.356273E+08 0.945873E+09 0.514004E+10
     2796.00  0.664977E+06 0.356354E+08 0.915644E+09 0.521890E+10
     2806.00  0.644839E+06 0.356363E+08 0.886202E+09 0.529513E+10
     2816.00  0.625231E+06 0.356297E+08 0.857524E+09 0.536869E+10
     2826.00  0.606138E+06 0.356156E+08 0.829586E+09 0.543952E+10
     2836.00  0.587542E+06 0.355939E+08 0.802370E+09 0.550760E+10
     2846.00  0.569429E+06 0.355647E+08 0.775856E+09 0.557289E+10
     2856.00  0.551785E+06 0.355278E+08 0.750025E+09 0.563537E+10
     2866.00  0.534597E+06 0.354833E+08 0.724862E+09 0.569501E+10
     2876.00  0.517852E+06 0.354313E+08 0.700351E+09 0.575179E+10
     2886.00  0.501539E+06 0.353716E+08 0.676476E+09 0.580569E+10
     2896.00  0.485646E+06 0.353045E+08 0.653223E+09 0.585672E+10
     2906.00  0.470164E+06 0.352298E+08 0.630578E+09 0.590485E+10
     2916.00  0.455081E+06 0.351478E+08 0.608529E+09 0.595010E+10
     2926.00  0.440389E+06 0.350584E+08 0.587063E+09 0.599245E+10
     2936.00  0.426078E+06 0.349617E+08 0.566168E+09 0.603192E+10
     2946.00  0.412139E+06 0.348579E+08 0.545833E+09 0.606851E+10
     2956.00  0.398565E+06 0.347470E+08 0.526045E+09 0.610224E+10
     2966.00  0.385346E+06 0.346292E+08 0.506795E+09 0.613313E+10
     2976.00  0.372476E+06 0.345046E+08 0.488072E+09 0.616118E+10
     2986.00  0.359946E+06 0.343733E+08 0.469866E+09 0.618644E+10
     2996.00  0.347750E+06 0.342354E+08 0.452166E+09 0.620891E+10
     3006.00  0.335880E+06 0.340911E+08 0.434964E+09 0.622863E+10
     3016.00  0.324329E+06 0.339405E+08 0.418249E+09 0.624563E+10
     3026.00  0.313091E+06 0.337839E+08 0.402011E+09 0.625995E+10
     3036.00  0.302159E+06 0.336213E+08 0.386242E+09 0.627162E+10
     3046.00  0.291526E+06 0.334528E+08 0.370933E+09 0.628067E+10
     3056.00  0.281186E+06 0.332787E+08 0.356074E+09 0.628715E+10
     3066.00  0.271134E+06 0.330992E+08 0.341656E+09 0.629110E+10
     3076.00  0.261362E+06 0.329143E+08 0.327671E+09 0.629256E+10
     3086.00  0.251866E+06 0.327243E+08 0.314111E+09 0.629158E+10
     3096.00  0.242639E+06 0.325293E+08 0.300966E+09 0.628820E+10
     3106.00  0.233676E+06 0.323295E+08 0.288228E+09 0.628248E+10
     3116.00  0.224970E+06 0.321250E+08 0.275889E+09 0.627446E+10
     3126.00  0.216517E+06 0.319161E+08 0.263940E+09 0.626420E+10
     3136.00  0.208311E+06 0.317029E+08 0.252373E+09 0.625174E+10
     3146.00  0.200347E+06 0.314856E+08 0.241181E+09 0.623713E+10
     3156.00  0.192619E+06 0.312643E+08 0.230354E+09 0.622044E+10
     3166.00  0.185123E+06 0.310392E+08 0.219886E+09 0.620170E+10
     3176.00  0.177852E+06 0.308105E+08 0.209768E+09 0.618099E+10
     3186.00  0.170803E+06 0.305783E+08 0.199992E+09 0.615834E+10
     3196.00  0.163969E+06 0.303428E+08 0.190551E+09 0.613382E+10
     3206.00  0.157347E+06 0.301041E+08 0.181436E+09 0.610748E+10
     3216.00  0.150931E+06 0.298625E+08 0.172641E+09 0.607937E+10
     3226.00  0.144716E+06 0.296180E+08 0.164159E+09 0.604955E+10
     3236.00  0.138699E+06 0.293709E+08 0.155980E+09 0.601807E+10
     3246.00  0.132874E+06 0.291212E+08 0.148099E+09 0.598500E+10
     3256.00  0.127236E+06 0.288692E+08 0.140508E+09 0.595038E+10
     3266.00  0.121782E+06 0.286150E+08 0.133200E+09 0.591426E+10
     3276.00  0.116507E+06 0.283587E+08 0.126168E+09 0.587671E+10
     3286.00  0.111407E+06 0.281004E+08 0.119405E+09 0.583777E+10
     3296.00  0.106477E+06 0.278403E+08 0.112904E+09 0.579751E+10
     3306.00  0.101713E+06 0.275786E+08 0.106659E+09 0.575596E+10
     3316.00  0.971115E+05 0.273154E+08 0.100662E+09 0.571318E+10
     3326.00  0.926679E+05 0.270507E+08 0.949081E+08 0.566924E+10
     3336.00  0.883784E+05 0.267848E+08 0.893896E+08 0.562417E+10
     3346.00  0.842390E+05 0.265177E+08 0.841006E+08 0.557802E+10
     3356.00  0.802461E+05 0.262497E+08 0.790349E+08 0.553086E+10
     3366.00  0.763958E+05 0.259807E+08 0.741862E+08 0.548273E+10
     3376.00  0.726844E+05 0.257110E+08 0.695487E+08 0.543367E+10
     3386.00  0.691083E+05 0.254406E+08 0.651162E+08 0.538374E+10
     3396.00  0.656639E+05 0.251696E+08 0.608831E+08 0.533298E+10
     3406.00  0.623477E+05 0.248982E+08 0.568435E+08 0.528144E+10
     3416.00  0.591564E+05 0.246265E+08 0.529917E+08 0.522917E+10
     3426.00  0.560864E+05 0.243545E+08 0.493224E+08 0.517620E+10
     3436.00  0.531346E+05 0.240825E+08 0.458300E+08 0.512259E+10
     3446.00  0.502977E+05 0.238103E+08 0.425091E+08 0.506838E+10
     3456.00  0.475725E+05 0.235383E+08 0.393546E+08 0.501361E+10
     3466.00  0.449559E+05 0.232664E+08 0.363614E+08 0.495832E+10
     3476.00  0.424448E+05 0.229948E+08 0.335243E+08 0.490256E+10
     3486.00  0.400363E+05 0.227235E+08 0.308386E+08 0.484636E+10
     3496.00  0.377275E+05 0.224526E+08 0.282992E+08 0.478976E+10
     3506.00  0.355154E+05 0.221822E+08 0.259016E+08 0.473280E+10
     3516.00  0.333973E+05 0.219124E+08 0.236410E+08 0.467553E+10
     3526.00  0.313704E+05 0.216433E+08 0.215129E+08 0.461796E+10
     3536.00  0.294321E+05 0.213749E+08 0.195129E+08 0.456015E+10
     3546.00  0.275796E+05 0.211074E+08 0.176367E+08 0.450212E+10
     3556.00  0.258105E+05 0.208407E+08 0.158799E+08 0.444392E+10
     3566.00  0.241222E+05 0.205749E+08 0.142385E+08 0.438556E+10
     3576.00  0.225122E+05 0.203102E+08 0.127083E+08 0.432709E+10
     3586.00  0.209781E+05 0.200465E+08 0.112855E+08 0.426853E+10
     3596.00  0.195177E+05 0.197840E+08 0.996605E+07 0.420991E+10
     3606.00  0.181285E+05 0.195227E+08 0.874626E+07 0.415128E+10
     3616.00  0.168083E+05 0.192626E+08 0.762240E+07 0.409264E+10
     3626.00  0.155550E+05 0.190038E+08 0.659088E+07 0.403404E+10
     3636.00  0.143663E+05 0.187464E+08 0.564816E+07 0.397550E+10
     3646.00  0.132403E+05 0.184904E+08 0.479082E+07 0.391704E+10
     3656.00  0.121748E+05 0.182359E+08 0.401549E+07 0.385869E+10
     3666.00  0.111678E+05 0.179828E+08 0.331892E+07 0.380048E+10
     3676.00  0.102175E+05 0.177313E+08 0.269792E+07 0.374242E+10
     3686.00  0.932182E+04 0.174814E+08 0.214938E+07 0.368455E+10
     3696.00  0.847900E+04 0.172332E+08 0.167028E+07 0.362688E+10
     3706.00  0.768720E+04 0.169866E+08 0.125767E+07 0.356943E+10
     3716.00  0.694466E+04 0.167417E+08 0.908696E+06 0.351224E+10
     3726.00  0.624965E+04 0.164985E+08 0.620560E+06 0.345530E+10
     3736.00  0.560050E+04 0.162571E+08 0.390548E+06 0.339865E+10
     3746.00  0.499556E+04 0.160176E+08 0.216019E+06 0.334231E+10
     3756.00  0.443323E+04 0.157799E+08 0.944037E+05 0.328629E+10
     3766.00  0.391197E+04 0.155440E+08 0.232063E+05 0.323060E+10
     3776.00  0.343025E+04 0.153101E+08 0.556544E-04 0.317527E+10
     3786.00  0.298660E+04 0.150781E+08 0.224274E+05 0.312031E+10
     3796.00  0.257957E+04 0.148480E+08 0.881989E+05 0.306574E+10
     3806.00  0.220777E+04 0.146199E+08 0.195092E+06 0.301157E+10
     3816.00  0.186983E+04 0.143938E+08 0.340948E+06 0.295781E+10
     3826.00  0.156442E+04 0.141697E+08 0.523675E+06 0.290447E+10
     3836.00  0.129026E+04 0.139477E+08 0.741242E+06 0.285158E+10
     3846.00  0.104607E+04 0.137277E+08 0.991680E+06 0.279913E+10
     3856.00  0.830649E+03 0.135098E+08 0.127308E+07 0.274715E+10
     3866.00  0.642795E+03 0.132939E+08 0.158360E+07 0.269564E+10
     3876.00  0.481354E+03 0.130802E+08 0.192144E+07 0.264461E+10
     3886.00  0.345201E+03 0.128685E+08 0.228487E+07 0.259407E+10
     3896.00  0.233243E+03 0.126590E+08 0.267221E+07 0.254403E+10
     3906.00  0.144417E+03 0.124516E+08 0.308185E+07 0.249451E+10
     3916.00  0.776923E+02 0.122464E+08 0.351220E+07 0.244550E+10
     3926.00  0.320652E+02 0.120433E+08 0.396176E+07 0.239701E+10
     3936.00  0.656249E+01 0.118424E+08 0.442905E+07 0.234905E+10
     3946.00  0.238951E+00 0.116436E+08 0.491267E+07 0.230163E+10
     3956.00  0.121772E+02 0.114470E+08 0.541124E+07 0.225476E+10
     3966.00  0.414869E+02 0.112526E+08 0.592344E+07 0.220843E+10
     3976.00  0.873043E+02 0.110604E+08 0.644801E+07 0.216265E+10
     3986.00  0.148792E+03 0.108703E+08 0.698372E+07 0.211744E+10
     3996.00  0.225137E+03 0.106824E+08 0.752938E+07 0.207278E+10
     4006.00  0.315552E+03 0.104967E+08 0.808385E+07 0.202869E+10
     4016.00  0.419274E+03 0.103132E+08 0.864605E+07 0.198516E+10
     4026.00  0.535564E+03 0.101318E+08 0.921492E+07 0.194221E+10
     4036.00  0.663705E+03 0.995264E+07 0.978944E+07 0.189983E+10
     4046.00  0.803004E+03 0.977564E+07 0.103686E+08 0.185802E+10
     4056.00  0.952789E+03 0.960081E+07 0.109516E+08 0.181679E+10
     4066.00  0.111241E+04 0.942815E+07 0.115374E+08 0.177614E+10
     4076.00  0.128124E+04 0.925766E+07 0.121252E+08 0.173607E+10
     4086.00  0.145867E+04 0.908932E+07 0.127142E+08 0.169658E+10
     4096.00  0.164411E+04 0.892314E+07 0.133035E+08 0.165767E+10
     4106.00  0.183700E+04 0.875910E+07 0.138925E+08 0.161934E+10
     4116.00  0.203678E+04 0.859720E+07 0.144803E+08 0.158159E+10
     4126.00  0.224293E+04 0.843743E+07 0.150664E+08 0.154442E+10
     4136.00  0.245493E+04 0.827979E+07 0.156501E+08 0.150782E+10
     4146.00  0.267228E+04 0.812426E+07 0.162306E+08 0.147181E+10
     4156.00  0.289453E+04 0.797084E+07 0.168075E+08 0.143637E+10
     4166.00  0.312119E+04 0.781951E+07 0.173802E+08 0.140150E+10
     4176.00  0.335184E+04 0.767026E+07 0.179481E+08 0.136720E+10
     4186.00  0.358604E+04 0.752309E+07 0.185106E+08 0.133348E+10
     4196.00  0.382339E+04 0.737799E+07 0.190675E+08 0.130032E+10
     4206.00  0.406348E+04 0.723494E+07 0.196180E+08 0.126773E+10
     4216.00  0.430594E+04 0.709392E+07 0.201619E+08 0.123569E+10
     4226.00  0.455040E+04 0.695494E+07 0.206988E+08 0.120422E+10
     4236.00  0.479652E+04 0.681797E+07 0.212281E+08 0.117331E+10
     4246.00  0.504394E+04 0.668300E+07 0.217496E+08 0.114294E+10
     4256.00  0.529235E+04 0.655002E+07 0.222630E+08 0.111313E+10
     4266.00  0.554144E+04 0.641901E+07 0.227678E+08 0.108386E+10
     4276.00  0.579090E+04 0.628997E+07 0.232639E+08 0.105513E+10
     4286.00  0.604046E+04 0.616287E+07 0.237509E+08 0.102693E+10
     4296.00  0.628983E+04 0.603770E+07 0.242285E+08 0.999274E+09
     4306.00  0.653876E+04 0.591444E+07 0.246966E+08 0.972142E+09
     4316.00  0.678700E+04 0.579309E+07 0.251548E+08 0.945534E+09
     4326.00  0.703429E+04 0.567361E+07 0.256031E+08 0.919446E+09
     4336.00  0.728043E+04 0.555601E+07 0.260411E+08 0.893871E+09
     4346.00  0.752518E+04 0.544026E+07 0.264689E+08 0.868807E+09
     4356.00  0.776834E+04 0.532635E+07 0.268860E+08 0.844247E+09
     4366.00  0.800971E+04 0.521426E+07 0.272926E+08 0.820187E+09
     4376.00  0.824911E+04 0.510398E+07 0.276883E+08 0.796621E+09
     4386.00  0.848634E+04 0.499548E+07 0.280732E+08 0.773544E+09
     4396.00  0.872126E+04 0.488875E+07 0.284471E+08 0.750951E+09
     4406.00  0.895368E+04 0.478377E+07 0.288099E+08 0.728837E+09
     4416.00  0.918347E+04 0.468053E+07 0.291616E+08 0.707196E+09
     4426.00  0.941047E+04 0.457901E+07 0.295020E+08 0.686022E+09
     4436.00  0.963454E+04 0.447919E+07 0.298313E+08 0.665310E+09
     4446.00  0.985557E+04 0.438106E+07 0.301492E+08 0.645054E+09
     4456.00  0.100734E+05 0.428459E+07 0.304559E+08 0.625249E+09
     4466.00  0.102880E+05 0.418977E+07 0.307512E+08 0.605889E+09
     4476.00  0.104992E+05 0.409658E+07 0.310353E+08 0.586967E+09
     4486.00  0.107069E+05 0.400501E+07 0.313080E+08 0.568479E+09
     4511.00  0.112103E+05 0.378301E+07 0.319405E+08 0.524116E+09
     4536.00  0.116900E+05 0.357071E+07 0.325030E+08 0.482333E+09
     4561.00  0.121451E+05 0.336782E+07 0.329964E+08 0.443036E+09
     4586.00  0.125746E+05 0.317407E+07 0.334217E+08 0.406133E+09
     4611.00  0.129780E+05 0.298917E+07 0.337802E+08 0.371531E+09
     4636.00  0.133548E+05 0.281285E+07 0.340736E+08 0.339139E+09
     4661.00  0.137047E+05 0.264482E+07 0.343037E+08 0.308863E+09
     4686.00  0.140276E+05 0.248481E+07 0.344722E+08 0.280613E+09
     4711.00  0.143235E+05 0.233255E+07 0.345814E+08 0.254299E+09
     4736.00  0.145924E+05 0.218776E+07 0.346333E+08 0.229833E+09
     4761.00  0.148346E+05 0.205019E+07 0.346303E+08 0.207127E+09
     4786.00  0.150505E+05 0.191957E+07 0.345746E+08 0.186097E+09
     4811.00  0.152404E+05 0.179563E+07 0.344686E+08 0.166660E+09
     4836.00  0.154048E+05 0.167814E+07 0.343149E+08 0.148733E+09
     4861.00  0.155443E+05 0.156683E+07 0.341158E+08 0.132237E+09
     4886.00  0.156595E+05 0.146147E+07 0.338739E+08 0.117095E+09
     4911.00  0.157510E+05 0.136181E+07 0.335916E+08 0.103233E+09
     4936.00  0.158196E+05 0.126763E+07 0.332714E+08 0.905771E+08
     4961.00  0.158661E+05 0.117869E+07 0.329159E+08 0.790574E+08
     4986.00  0.158911E+05 0.109478E+07 0.325273E+08 0.686061E+08
     5011.00  0.158956E+05 0.101568E+07 0.321081E+08 0.591576E+08
     5036.00  0.158803E+05 0.941175E+06 0.316607E+08 0.506488E+08
     5061.00  0.158461E+05 0.871063E+06 0.311873E+08 0.430190E+08
     5086.00  0.157938E+05 0.805145E+06 0.306902E+08 0.362100E+08
     5111.00  0.157243E+05 0.743230E+06 0.301716E+08 0.301659E+08
     5136.00  0.156384E+05 0.685130E+06 0.296336E+08 0.248334E+08
     5161.00  0.155370E+05 0.630665E+06 0.290783E+08 0.201613E+08
     5186.00  0.154210E+05 0.579659E+06 0.285075E+08 0.161009E+08
     5211.00  0.152911E+05 0.531943E+06 0.279234E+08 0.126058E+08
     5236.00  0.151483E+05 0.487354E+06 0.273276E+08 0.963175E+07
     5261.00  0.149934E+05 0.445735E+06 0.267219E+08 0.713686E+07
     5286.00  0.148270E+05 0.406933E+06 0.261080E+08 0.508129E+07
     5311.00  0.146502E+05 0.370801E+06 0.254876E+08 0.342733E+07
     5336.00  0.144636E+05 0.337200E+06 0.248622E+08 0.213931E+07
     5361.00  0.142680E+05 0.305994E+06 0.242332E+08 0.118358E+07
     5386.00  0.140641E+05 0.277052E+06 0.236020E+08 0.528400E+06
     5411.00  0.138526E+05 0.250250E+06 0.229699E+08 0.143899E+06
     5436.00  0.136343E+05 0.225467E+06 0.223381E+08 0.202107E+04
     5461.00  0.134098E+05 0.202589E+06 0.217079E+08 0.764512E+05
     5511.00  0.129449E+05 0.162112E+06 0.204562E+08 0.777313E+06
     5561.00  0.124628E+05 0.127992E+06 0.192227E+08 0.206842E+07
     5611.00  0.119681E+05 0.994773E+05 0.180142E+08 0.379551E+07
     5661.00  0.114649E+05 0.758815E+05 0.168364E+08 0.582614E+07
     5711.00  0.109571E+05 0.565831E+05 0.156942E+08 0.804767E+07
     5761.00  0.104480E+05 0.410194E+05 0.145915E+08 0.103654E+08
     5811.00  0.994077E+04 0.286840E+05 0.135315E+08 0.127008E+08
     5861.00  0.943811E+04 0.191216E+05 0.125166E+08 0.149896E+08
     5911.00  0.894244E+04 0.119251E+05 0.115487E+08 0.171805E+08
     5961.00  0.845584E+04 0.673149E+04 0.106288E+08 0.192333E+08
     6011.00  0.798012E+04 0.321844E+04 0.975758E+07 0.211177E+08
     6061.00  0.751682E+04 0.110092E+04 0.893524E+07 0.228120E+08
     6111.00  0.706720E+04 0.128030E+03 0.816149E+07 0.243018E+08
     6161.00  0.663231E+04 0.799170E+02 0.743572E+07 0.255789E+08
     6211.00  0.621297E+04 0.764950E+03 0.675702E+07 0.266404E+08
     6261.00  0.580983E+04 0.201703E+04 0.612421E+07 0.274879E+08
     6311.00  0.542332E+04 0.369306E+04 0.553590E+07 0.281265E+08
     6361.00  0.505376E+04 0.567065E+04 0.499053E+07 0.285642E+08
     6411.00  0.470129E+04 0.784591E+04 0.448640E+07 0.288112E+08
     6461.00  0.436595E+04 0.101315E+05 0.402171E+07 0.288795E+08
     6511.00  0.404765E+04 0.124547E+05 0.359458E+07 0.287824E+08
     6561.00  0.374620E+04 0.147558E+05 0.320307E+07 0.285337E+08
     6611.00  0.346134E+04 0.169864E+05 0.284524E+07 0.281479E+08
     6661.00  0.319272E+04 0.191083E+05 0.251912E+07 0.276397E+08
     6711.00  0.293994E+04 0.210918E+05 0.222277E+07 0.270235E+08
     6761.00  0.270254E+04 0.229149E+05 0.195427E+07 0.263136E+08
     6811.00  0.248003E+04 0.245621E+05 0.171173E+07 0.255238E+08
     6861.00  0.227189E+04 0.260232E+05 0.149334E+07 0.246671E+08
     6911.00  0.207755E+04 0.272929E+05 0.129731E+07 0.237562E+08
     6961.00  0.189644E+04 0.283700E+05 0.112195E+07 0.228026E+08
     7011.00  0.172799E+04 0.292562E+05 0.965617E+06 0.218173E+08
     7061.00  0.157158E+04 0.299560E+05 0.826762E+06 0.208102E+08
     7111.00  0.142664E+04 0.304762E+05 0.703902E+06 0.197906E+08
     7161.00  0.129257E+04 0.308251E+05 0.595639E+06 0.187667E+08
     7211.00  0.116878E+04 0.310123E+05 0.500654E+06 0.177459E+08
     7261.00  0.105469E+04 0.310484E+05 0.417709E+06 0.167347E+08
     7311.00  0.949750E+03 0.309445E+05 0.345644E+06 0.157391E+08
     7361.00  0.853396E+03 0.307123E+05 0.283381E+06 0.147640E+08
     7411.00  0.765099E+03 0.303634E+05 0.229914E+06 0.138137E+08
     7511.00  0.610622E+03 0.293624E+05 0.145721E+06 0.120014E+08
     7611.00  0.482415E+03 0.280323E+05 0.864617E+05 0.103238E+08
     7711.00  0.376899E+03 0.264576E+05 0.465755E+05 0.879375E+07
     7811.00  0.290825E+03 0.247146E+05 0.214420E+05 0.741720E+07
     7911.00  0.221284E+03 0.228698E+05 0.727368E+04 0.619424E+07
     8011.00  0.165687E+03 0.209801E+05 0.100978E+04 0.512062E+07
     8111.00  0.121757E+03 0.190923E+05 0.215606E+03 0.418885E+07
     8211.00  0.875038E+02 0.172442E+05 0.298834E+04 0.338917E+07
     8311.00  0.612061E+02 0.154649E+05 0.787098E+04 0.271044E+07
     8411.00  0.413845E+02 0.137761E+05 0.137752E+05 0.214074E+07
     8511.00  0.267792E+02 0.121931E+05 0.199130E+05 0.166799E+07
     8611.00  0.163257E+02 0.107253E+05 0.257376E+05 0.128031E+07
     8711.00  0.913214E+01 0.937786E+04 0.308926E+05 0.966354E+06
     8811.00  0.445767E+01 0.815183E+04 0.351685E+05 0.715517E+06
     8911.00  0.169280E+01 0.704552E+04 0.384672E+05 0.518064E+06
     9011.00  0.340992E+00 0.605487E+04 0.407721E+05 0.365209E+06
     9111.00  0.221203E-02 0.517420E+04 0.421242E+05 0.249146E+06
     9211.00  0.358181E+00 0.439665E+04 0.426030E+05 0.163030E+06
     9311.00  0.115929E+01 0.371466E+04 0.423113E+05 0.100939E+06
     9411.00  0.221311E+01 0.312026E+04 0.413640E+05 0.578194E+05
     9511.00  0.337441E+01 0.260539E+04 0.398791E+05 0.294084E+05
     9611.00  0.453653E+01 0.216211E+04 0.379718E+05 0.121616E+05
     9711.00  0.562396E+01 0.178276E+04 0.357500E+05 0.316995E+04
     9811.00  0.658610E+01 0.146006E+04 0.333119E+05 0.816858E+02
     9911.00  0.739195E+01 0.118722E+04 0.307439E+05 0.102542E+04
    10011.00  0.802572E+01 0.957954E+03 0.281204E+05 0.453911E+04
    10111.00  0.848309E+01 0.766532E+03 0.255036E+05 0.950458E+04
    10211.00  0.876830E+01 0.607765E+03 0.229441E+05 0.150885E+05
    10311.00  0.889164E+01 0.477006E+03 0.204816E+05 0.206904E+05
    10411.00  0.886754E+01 0.370121E+03 0.181461E+05 0.258967E+05
    10511.00  0.871298E+01 0.283462E+03 0.159589E+05 0.304417E+05
    10611.00  0.844628E+01 0.213834E+03 0.139339E+05 0.341739E+05
    10711.00  0.808615E+01 0.158457E+03 0.120785E+05 0.370286E+05
    10811.00  0.765102E+01 0.114926E+03 0.103951E+05 0.390042E+05
    10911.00  0.715849E+01 0.811769E+02 0.888147E+04 0.401438E+05
    11011.00  0.662501E+01 0.554454E+02 0.753254E+04 0.405203E+05
    11111.00  0.606561E+01 0.362353E+02 0.634047E+04 0.402242E+05
    11211.00  0.549378E+01 0.222841E+02 0.529568E+04 0.393549E+05
    11311.00  0.492139E+01 0.125329E+02 0.438744E+04 0.380140E+05
    11411.00  0.435868E+01 0.609954E+01 0.360429E+04 0.362999E+05
    11511.00  0.381432E+01 0.225314E+01 0.293453E+04 0.343049E+05
    11611.00  0.329545E+01 0.392434E+00 0.236652E+04 0.321130E+05
    11711.00  0.280780E+01 0.260266E-01 0.188894E+04 0.297984E+05
    11811.00  0.235578E+01 0.755269E+00 0.149098E+04 0.274252E+05
    11911.00  0.194256E+01 0.225930E+01 0.116249E+04 0.250474E+05
    12011.00  0.157025E+01 0.428215E+01 0.894068E+03 0.227094E+05
    12111.00  0.123995E+01 0.662160E+01 0.677100E+03 0.204463E+05
    12211.00  0.951939E+00 0.911974E+01 0.503809E+03 0.182853E+05
    12311.00  0.705712E+00 0.116549E+02 0.367233E+03 0.162461E+05
    12411.00  0.500141E+00 0.141351E+02 0.261206E+03 0.143423E+05
    12511.00  0.333550E+00 0.164920E+02 0.180328E+03 0.125820E+05
    12611.00  0.203819E+00 0.186764E+02 0.119910E+03 0.109687E+05
    12711.00  0.108465E+00 0.206546E+02 0.759250E+02 0.950242E+04
    12811.00  0.447281E-01 0.224049E+02 0.449491E+02 0.818016E+04
    12911.00  0.964287E-02 0.239148E+02 0.241016E+02 0.699663E+04
    13011.00  0.105784E-03 0.251794E+02 0.109868E+02 0.594490E+04
    13111.00  0.129367E-01 0.261995E+02 0.363590E+01 0.501687E+04
    13211.00  0.449330E-01 0.269799E+02 0.452389E+00 0.420365E+04
    13311.00  0.929191E-01 0.275289E+02 0.160741E+00 0.349596E+04
    13411.00  0.153789E+00 0.278570E+02 0.175917E+01 0.288440E+04
    13511.00  0.224543E+00 0.279766E+02 0.447659E+01 0.235966E+04
    13611.00  0.302323E+00 0.279012E+02 0.773391E+01 0.191270E+04
    13711.00  0.384437E+00 0.276450E+02 0.111098E+02 0.153490E+04
    13811.00  0.468386E+00 0.272228E+02 0.143104E+02 0.121811E+04
    13911.00  0.551878E+00 0.266498E+02 0.171437E+02 0.954784E+03
    14011.00  0.632845E+00 0.259412E+02 0.194967E+02 0.737926E+03
    14111.00  0.709457E+00 0.251121E+02 0.213167E+02 0.561170E+03
    14211.00  0.780123E+00 0.241777E+02 0.225958E+02 0.418755E+03
    14311.00  0.843495E+00 0.231527E+02 0.233577E+02 0.305510E+03
    14411.00  0.898473E+00 0.220518E+02 0.236473E+02 0.216835E+03
    14511.00  0.944198E+00 0.208890E+02 0.235222E+02 0.148666E+03
    14611.00  0.980048E+00 0.196783E+02 0.230469E+02 0.974423E+02
    14711.00  0.100563E+01 0.184329E+02 0.222870E+02 0.600673E+02
    14811.00  0.102077E+01 0.171656E+02 0.213066E+02 0.338682E+02
    14911.00  0.102548E+01 0.158887E+02 0.201649E+02 0.165572E+02
    15011.00  0.102001E+01 0.146138E+02 0.189157E+02 0.619253E+01
    15111.00  0.100473E+01 0.133517E+02 0.176055E+02 0.114060E+01
    15211.00  0.980205E+00 0.121126E+02 0.162739E+02 0.408478E-01
    15311.00  0.947123E+00 0.109060E+02 0.149532E+02 0.177224E+01
    15411.00  0.906296E+00 0.974030E+01 0.136692E+02 0.542247E+01
    15511.00  0.858640E+00 0.862322E+01 0.124413E+02 0.102597E+02
    15611.00  0.805151E+00 0.756152E+01 0.112836E+02 0.157067E+02
    15711.00  0.746886E+00 0.656101E+01 0.102054E+02 0.213180E+02
    15811.00  0.684945E+00 0.562652E+01 0.921195E+01 0.267587E+02
    15911.00  0.620453E+00 0.476197E+01 0.830531E+01 0.317865E+02
    16011.00  0.554538E+00 0.397023E+01 0.748487E+01 0.362350E+02
    16111.00  0.488319E+00 0.325328E+01 0.674807E+01 0.400001E+02
    16211.00  0.422885E+00 0.261211E+01 0.609091E+01 0.430273E+02
    16311.00  0.359282E+00 0.204682E+01 0.550839E+01 0.453012E+02
    16411.00  0.298498E+00 0.155663E+01 0.499489E+01 0.468363E+02
    16511.00  0.241455E+00 0.113993E+01 0.454452E+01 0.476699E+02
    16611.00  0.188990E+00 0.794368E+00 0.415128E+01 0.478550E+02
    16711.00  0.141854E+00 0.516876E+00 0.380934E+01 0.474553E+02
    16811.00  0.100699E+00 0.303773E+00 0.351307E+01 0.465412E+02
    16911.00  0.660769E-01 0.150830E+00 0.325720E+01 0.451856E+02
    17011.00  0.384292E-01 0.533637E-01 0.303681E+01 0.434617E+02
    17111.00  0.180898E-01 0.631457E-02 0.284739E+01 0.414408E+02
    17211.00  0.528130E-02 0.434127E-02 0.268482E+01 0.391904E+02
    17311.00  0.116122E-03 0.419079E-01 0.254534E+01 0.367733E+02
    17411.00  0.259860E-02 0.113372E+00 0.242559E+01 0.342469E+02
    17511.00  0.126282E-01 0.213070E+00 0.232249E+01 0.316624E+02
    17611.00  0.300043E-01 0.335399E+00 0.223326E+01 0.290650E+02
    17711.00  0.544317E-01 0.474893E+00 0.215542E+01 0.264936E+02
    17811.00  0.855277E-01 0.626295E+00 0.208668E+01 0.239813E+02
    17911.00  0.122829E+00 0.784617E+00 0.202501E+01 0.215551E+02
    18011.00  0.165802E+00 0.945203E+00 0.196855E+01 0.192369E+02
    18111.00  0.213849E+00 0.110377E+01 0.191563E+01 0.170436E+02
    18211.00  0.266321E+00 0.125646E+01 0.186476E+01 0.149875E+02
    18311.00  0.322523E+00 0.139986E+01 0.181461E+01 0.130769E+02
    18411.00  0.381730E+00 0.153101E+01 0.176404E+01 0.113166E+02
    18511.00  0.443191E+00 0.164745E+01 0.171204E+01 0.970834E+01
    18611.00  0.506143E+00 0.174721E+01 0.165780E+01 0.825115E+01
    18711.00  0.569820E+00 0.182880E+01 0.160067E+01 0.694200E+01
    18811.00  0.633460E+00 0.189119E+01 0.154015E+01 0.577599E+01
    18911.00  0.696318E+00 0.193384E+01 0.147592E+01 0.474684E+01
    19011.00  0.757672E+00 0.195660E+01 0.140784E+01 0.384716E+01
    19111.00  0.816831E+00 0.195976E+01 0.133590E+01 0.306878E+01
    19311.00  0.926001E+00 0.191013E+01 0.118127E+01 0.184074E+01
    19511.00  0.101919E+01 0.179376E+01 0.101500E+01 0.990463E+00
    19711.00  0.109266E+01 0.162337E+01 0.842011E+00 0.446198E+00
    19911.00  0.114368E+01 0.141414E+01 0.668622E+00 0.140647E+00
    20111.00  0.117059E+01 0.118232E+01 0.501996E+00 0.134094E-01
    20311.00  0.117283E+01 0.943958E+00 0.349504E+00 0.122608E-01
    20511.00  0.115091E+01 0.713787E+00 0.218140E+00 0.935786E-01
    20711.00  0.110630E+01 0.504360E+00 0.113996E+00 0.222156E+00
    20911.00  0.104136E+01 0.325434E+00 0.418404E-01 0.370617E+00
    21111.00  0.959144E+00 0.183644E+00 0.482816E-02 0.518602E+00
    21311.00  0.863287E+00 0.824051E-01 0.433943E-02 0.651833E+00
    21511.00  0.757801E+00 0.220650E-01 0.399509E-01 0.761161E+00
    21711.00  0.646898E+00 0.233024E-03 0.109522E+00 0.841625E+00
    21911.00  0.534820E+00 0.122575E-01 0.209376E+00 0.891585E+00
    22111.00  0.425671E+00 0.517953E-01 0.334555E+00 0.911929E+00
    22311.00  0.323263E+00 0.111425E+00 0.479116E+00 0.905362E+00
    22511.00  0.230991E+00 0.183262E+00 0.636463E+00 0.875804E+00
    22711.00  0.151726E+00 0.259527E+00 0.799667E+00 0.827843E+00
    22911.00  0.877365E-01 0.333049E+00 0.961784E+00 0.766318E+00
    23111.00  0.406341E-01 0.397670E+00 0.111614E+01 0.695951E+00
    23311.00  0.113517E-01 0.448538E+00 0.125660E+01 0.621086E+00
    23511.00  0.143314E-03 0.482290E+00 0.137777E+01 0.545493E+00
    23711.00  0.660995E-02 0.497117E+00 0.147514E+01 0.472250E+00
    23911.00  0.297474E-01 0.492733E+00 0.154529E+01 0.403700E+00
    24111.00  0.680118E-01 0.470239E+00 0.158589E+01 0.341448E+00
    24311.00  0.119401E+00 0.431942E+00 0.159579E+01 0.286431E+00
    24511.00  0.181546E+00 0.381085E+00 0.157503E+01 0.239000E+00
    24711.00  0.251812E+00 0.321579E+00 0.152478E+01 0.199041E+00
    24911.00  0.327399E+00 0.257697E+00 0.144728E+01 0.166093E+00
    25111.00  0.405444E+00 0.193792E+00 0.134575E+01 0.139471E+00
    25311.00  0.483125E+00 0.134021E+00 0.122422E+01 0.118371E+00
    25511.00  0.557747E+00 0.821163E-01 0.108743E+01 0.101952E+00
    25711.00  0.626827E+00 0.411890E-01 0.940602E+00 0.893990E-01
    25911.00  0.688165E+00 0.135913E-01 0.789227E+00 0.799558E-01
    26111.00  0.739906E+00 0.826690E-03 0.638892E+00 0.729383E-01
    26311.00  0.780573E+00 0.351350E-02 0.495026E+00 0.677304E-01
    26511.00  0.809114E+00 0.213993E-01 0.362706E+00 0.637732E-01
    26711.00  0.824892E+00 0.534190E-01 0.246432E+00 0.605504E-01
    26911.00  0.827711E+00 0.977926E-01 0.149962E+00 0.575830E-01
         IE==>      4
        1.00  0.000000E+00
        2.00  0.000000E+00
        3.00  0.000000E+00
        4.00  0.000000E+00
        5.00  0.000000E+00
        6.00  0.000000E+00
        7.00  0.000000E+00
        8.00  0.000000E+00
        9.00  0.000000E+00
       10.00  0.000000E+00
       11.00  0.000000E+00
       12.00  0.000000E+00
       13.00  0.000000E+00
       14.00  0.000000E+00
       15.00  0.000000E+00
       16.00  0.479054E-37
       17.00  0.209940E-36
       18.00  0.845139E-36
       19.00  0.315407E-35
       20.00  0.109977E-34
       21.00  0.360662E-34
       22.00  0.111878E-33
       23.00  0.329903E-33
       24.00  0.928743E-33
       25.00  0.250564E-32
       26.00  0.649988E-32
       27.00  0.162608E-31
       28.00  0.393347E-31
       29.00  0.922213E-31
       30.00  0.210004E-30
       31.00  0.465370E-30
       32.00  0.100529E-29
       33.00  0.212028E-29
       34.00  0.437240E-29
       35.00  0.882755E-29
       36.00  0.174692E-28
       37.00  0.339229E-28
       38.00  0.647055E-28
       39.00  0.121344E-27
       40.00  0.223925E-27
       42.00  0.728845E-27
       44.00  0.224399E-26
       46.00  0.656758E-26
       48.00  0.183512E-25
       50.00  0.491406E-25
       52.00  0.126528E-24
       54.00  0.314184E-24
       56.00  0.754369E-24
       58.00  0.175553E-23
       60.00  0.396808E-23
       62.00  0.872827E-23
       64.00  0.187156E-22
       66.00  0.391822E-22
       68.00  0.802054E-22
       70.00  0.160737E-21
       72.00  0.315749E-21
       74.00  0.608641E-21
       76.00  0.115241E-20
       78.00  0.214530E-20
       80.00  0.392983E-20
       82.00  0.708942E-20
       84.00  0.126043E-19
       86.00  0.221001E-19
       88.00  0.382397E-19
       90.00  0.653340E-19
       92.00  0.110283E-18
       94.00  0.184013E-18
       96.00  0.303647E-18
       98.00  0.495758E-18
      100.00  0.801192E-18
      102.00  0.128217E-17
      104.00  0.203264E-17
      106.00  0.319328E-17
      108.00  0.497305E-17
      110.00  0.767991E-17
      112.00  0.117644E-16
      114.00  0.178807E-16
      116.00  0.269726E-16
      118.00  0.403917E-16
      122.00  0.887048E-16
      126.00  0.189728E-15
      130.00  0.395873E-15
      134.00  0.806970E-15
      138.00  0.160923E-14
      142.00  0.314318E-14
      146.00  0.601995E-14
      150.00  0.113170E-13
      154.00  0.209018E-13
      158.00  0.379596E-13
      162.00  0.678379E-13
      166.00  0.119381E-12
      170.00  0.207002E-12
      174.00  0.353851E-12
      178.00  0.596576E-12
      182.00  0.992351E-12
      186.00  0.162901E-11
      190.00  0.263925E-11
      194.00  0.421983E-11
      198.00  0.665567E-11
      202.00  0.103465E-10
      206.00  0.158263E-10
      210.00  0.237452E-10
      214.00  0.347280E-10
      218.00  0.488450E-10
      222.00  0.638099E-10
      226.00  0.684416E-10
      230.00  0.207543E-10
      234.00  0.414452E-06
      238.00  0.166293E-08
      242.00  0.150035E-08
      246.00  0.180787E-08
      250.00  0.236338E-08
      254.00  0.318960E-08
      258.00  0.436508E-08
      262.00  0.600931E-08
      266.00  0.828835E-08
      270.00  0.114273E-07
      274.00  0.157283E-07
      282.00  0.295579E-07
      290.00  0.548230E-07
      298.00  0.100230E-06
      306.00  0.180567E-06
      314.00  0.320571E-06
      322.00  0.561051E-06
      330.00  0.968414E-06
      338.00  0.164935E-05
      346.00  0.277315E-05
      354.00  0.460532E-05
      362.00  0.755760E-05
      370.00  0.122617E-04
      378.00  0.196768E-04
      386.00  0.312457E-04
      394.00  0.491172E-04
      402.00  0.764640E-04
      410.00  0.117929E-03
      418.00  0.180251E-03
      426.00  0.273132E-03
      434.00  0.410440E-03
      442.00  0.611839E-03
      450.00  0.905026E-03
      458.00  0.132874E-02
      466.00  0.193681E-02
      474.00  0.280354E-02
      482.00  0.403093E-02
      490.00  0.575809E-02
      498.00  0.817374E-02
      506.00  0.115324E-01
      514.00  0.161756E-01
      522.00  0.225592E-01
      530.00  0.312884E-01
      538.00  0.431636E-01
      546.00  0.592372E-01
      554.00  0.808880E-01
      562.00  0.109913E+00
      570.00  0.148646E+00
      578.00  0.200103E+00
      586.00  0.268169E+00
      596.00  0.384325E+00
      606.00  0.547189E+00
      616.00  0.774144E+00
      626.00  0.108854E+01
      636.00  0.152158E+01
      646.00  0.211472E+01
      656.00  0.292282E+01
      666.00  0.401809E+01
      676.00  0.549515E+01
      686.00  0.747743E+01
      696.00  0.101252E+02
      706.00  0.136459E+02
      716.00  0.183065E+02
      726.00  0.244498E+02
      736.00  0.325139E+02
      746.00  0.430569E+02
      756.00  0.567872E+02
      766.00  0.746004E+02
      776.00  0.976259E+02
      786.00  0.127283E+03
      796.00  0.165350E+03
      806.00  0.214047E+03
      816.00  0.276140E+03
      826.00  0.355064E+03
      836.00  0.455073E+03
      846.00  0.581420E+03
      856.00  0.740580E+03
      866.00  0.940513E+03
      876.00  0.119098E+04
      886.00  0.150391E+04
      896.00  0.189388E+04
      906.00  0.237863E+04
      916.00  0.297974E+04
      926.00  0.372338E+04
      936.00  0.464124E+04
      946.00  0.577160E+04
      956.00  0.716068E+04
      966.00  0.886411E+04
      976.00  0.109488E+05
      986.00  0.134950E+05
      996.00  0.165991E+05
     1006.00  0.203763E+05
     1016.00  0.249646E+05
     1026.00  0.305284E+05
     1036.00  0.372642E+05
     1046.00  0.454059E+05
     1056.00  0.552321E+05
     1066.00  0.670739E+05
     1076.00  0.813251E+05
     1086.00  0.984533E+05
     1096.00  0.119014E+06
     1106.00  0.143664E+06
     1116.00  0.173187E+06
     1126.00  0.208506E+06
     1136.00  0.250721E+06
     1146.00  0.301132E+06
     1156.00  0.361282E+06
     1166.00  0.433001E+06
     1176.00  0.518463E+06
     1186.00  0.620246E+06
     1196.00  0.741416E+06
     1206.00  0.885622E+06
     1216.00  0.105721E+07
     1226.00  0.126137E+07
     1236.00  0.150432E+07
     1246.00  0.179349E+07
     1256.00  0.213783E+07
     1266.00  0.254815E+07
     1276.00  0.303751E+07
     1286.00  0.362181E+07
     1296.00  0.432046E+07
     1306.00  0.515735E+07
     1316.00  0.616203E+07
     1326.00  0.737132E+07
     1336.00  0.883155E+07
     1346.00  0.106016E+08
     1356.00  0.127571E+08
     1366.00  0.153965E+08
     1376.00  0.186502E+08
     1386.00  0.226935E+08
     1396.00  0.277677E+08
     1406.00  0.342125E+08
     1416.00  0.425200E+08
     1426.00  0.534284E+08
     1436.00  0.680904E+08
     1446.00  0.883977E+08
     1456.00  0.117653E+09
     1466.00  0.162094E+09
     1476.00  0.234802E+09
     1486.00  0.367494E+09
     1496.00  0.655887E+09
     1506.00  0.152088E+10
     1516.00  0.743568E+10
     1526.00  0.776348E+11
     1536.00  0.234182E+10
     1546.00  0.599434E+09
     1556.00  0.227780E+09
     1566.00  0.978723E+08
     1576.00  0.417172E+08
     1586.00  0.153702E+08
     1596.00  0.356530E+07
     1606.00  0.257633E+05
     1616.00  0.189897E+07
     1626.00  0.783422E+07
     1636.00  0.172190E+08
     1646.00  0.298432E+08
     1656.00  0.457407E+08
     1666.00  0.651112E+08
     1676.00  0.882811E+08
     1686.00  0.115686E+09
     1696.00  0.147865E+09
     1706.00  0.185461E+09
     1716.00  0.229228E+09
     1726.00  0.280041E+09
     1736.00  0.338912E+09
     1746.00  0.407003E+09
     1756.00  0.485651E+09
     1766.00  0.576390E+09
     1776.00  0.680984E+09
     1786.00  0.801452E+09
     1796.00  0.940117E+09
     1806.00  0.109964E+10
     1816.00  0.128310E+10
     1826.00  0.149399E+10
     1836.00  0.173639E+10
     1846.00  0.201494E+10
     1856.00  0.233503E+10
     1866.00  0.270286E+10
     1876.00  0.312557E+10
     1886.00  0.361144E+10
     1896.00  0.416999E+10
     1906.00  0.481227E+10
     1916.00  0.555106E+10
     1926.00  0.640113E+10
     1936.00  0.737960E+10
     1946.00  0.850628E+10
     1956.00  0.980413E+10
     1966.00  0.112997E+11
     1976.00  0.130236E+11
     1986.00  0.150112E+11
     1996.00  0.173033E+11
     2006.00  0.199465E+11
     2016.00  0.229941E+11
     2026.00  0.265065E+11
     2036.00  0.305514E+11
     2046.00  0.352043E+11
     2056.00  0.405475E+11
     2066.00  0.466690E+11
     2076.00  0.536600E+11
     2086.00  0.616110E+11
     2096.00  0.706050E+11
     2106.00  0.807093E+11
     2116.00  0.919637E+11
     2126.00  0.104366E+12
     2136.00  0.117854E+12
     2146.00  0.132294E+12
     2156.00  0.147461E+12
     2166.00  0.163038E+12
     2176.00  0.178620E+12
     2186.00  0.193737E+12
     2196.00  0.207888E+12
     2206.00  0.220592E+12
     2216.00  0.231439E+12
     2226.00  0.240132E+12
     2236.00  0.246514E+12
     2246.00  0.250571E+12
     2256.00  0.252420E+12
     2266.00  0.252272E+12
     2276.00  0.250404E+12
     2286.00  0.247118E+12
     2296.00  0.242714E+12
     2306.00  0.237472E+12
     2316.00  0.231638E+12
     2326.00  0.225419E+12
     2336.00  0.218982E+12
     2346.00  0.212461E+12
     2356.00  0.205957E+12
     2366.00  0.199544E+12
     2376.00  0.193275E+12
     2386.00  0.187186E+12
     2396.00  0.181300E+12
     2406.00  0.175628E+12
     2416.00  0.170177E+12
     2426.00  0.164944E+12
     2436.00  0.159926E+12
     2446.00  0.155116E+12
     2456.00  0.150504E+12
     2466.00  0.146080E+12
     2476.00  0.141835E+12
     2486.00  0.137757E+12
     2496.00  0.133837E+12
     2506.00  0.130063E+12
     2516.00  0.126425E+12
     2526.00  0.122916E+12
     2536.00  0.119526E+12
     2546.00  0.116246E+12
     2556.00  0.113070E+12
     2566.00  0.109990E+12
     2576.00  0.107001E+12
     2586.00  0.104095E+12
     2596.00  0.101268E+12
     2606.00  0.985143E+11
     2616.00  0.958302E+11
     2626.00  0.932114E+11
     2636.00  0.906542E+11
     2646.00  0.881554E+11
     2656.00  0.857120E+11
     2666.00  0.833213E+11
     2676.00  0.809810E+11
     2686.00  0.786890E+11
     2696.00  0.764434E+11
     2706.00  0.742426E+11
     2716.00  0.720850E+11
     2726.00  0.699694E+11
     2736.00  0.678947E+11
     2746.00  0.658598E+11
     2756.00  0.638639E+11
     2766.00  0.619064E+11
     2776.00  0.599864E+11
     2786.00  0.581034E+11
     2796.00  0.562570E+11
     2806.00  0.544467E+11
     2816.00  0.526721E+11
     2826.00  0.509329E+11
     2836.00  0.492288E+11
     2846.00  0.475596E+11
     2856.00  0.459251E+11
     2866.00  0.443249E+11
     2876.00  0.427591E+11
     2886.00  0.412273E+11
     2896.00  0.397295E+11
     2906.00  0.382654E+11
     2916.00  0.368348E+11
     2926.00  0.354377E+11
     2936.00  0.340737E+11
     2946.00  0.327429E+11
     2956.00  0.314448E+11
     2966.00  0.301795E+11
     2976.00  0.289465E+11
     2986.00  0.277458E+11
     2996.00  0.265771E+11
     3006.00  0.254402E+11
     3016.00  0.243347E+11
     3026.00  0.232603E+11
     3036.00  0.222169E+11
     3046.00  0.212041E+11
     3056.00  0.202216E+11
     3066.00  0.192689E+11
     3076.00  0.183459E+11
     3086.00  0.174521E+11
     3096.00  0.165871E+11
     3106.00  0.157505E+11
     3116.00  0.149420E+11
     3126.00  0.141612E+11
     3136.00  0.134076E+11
     3146.00  0.126807E+11
     3156.00  0.119802E+11
     3166.00  0.113056E+11
     3176.00  0.106564E+11
     3186.00  0.100321E+11
     3196.00  0.943241E+10
     3206.00  0.885668E+10
     3216.00  0.830449E+10
     3226.00  0.777535E+10
     3236.00  0.726877E+10
     3246.00  0.678425E+10
     3256.00  0.632131E+10
     3266.00  0.587944E+10
     3276.00  0.545815E+10
     3286.00  0.505694E+10
     3296.00  0.467532E+10
     3306.00  0.431278E+10
     3316.00  0.396885E+10
     3326.00  0.364301E+10
     3336.00  0.333478E+10
     3346.00  0.304368E+10
     3356.00  0.276922E+10
     3366.00  0.251091E+10
     3376.00  0.226829E+10
     3386.00  0.204087E+10
     3396.00  0.182820E+10
     3406.00  0.162980E+10
     3416.00  0.144522E+10
     3426.00  0.127401E+10
     3436.00  0.111572E+10
     3446.00  0.969904E+09
     3456.00  0.836135E+09
     3466.00  0.713983E+09
     3476.00  0.603026E+09
     3486.00  0.502850E+09
     3496.00  0.413047E+09
     3506.00  0.333216E+09
     3516.00  0.262965E+09
     3526.00  0.201907E+09
     3536.00  0.149663E+09
     3546.00  0.105863E+09
     3556.00  0.701425E+08
     3566.00  0.421457E+08
     3576.00  0.215241E+08
     3586.00  0.793709E+07
     3596.00  0.105153E+07
     3606.00  0.542099E+06
     3616.00  0.609114E+07
     3626.00  0.173887E+08
     3636.00  0.341324E+08
     3646.00  0.560277E+08
     3656.00  0.827876E+08
     3666.00  0.114133E+09
     3676.00  0.149791E+09
     3686.00  0.189498E+09
     3696.00  0.232997E+09
     3706.00  0.280038E+09
     3716.00  0.330379E+09
     3726.00  0.383785E+09
     3736.00  0.440028E+09
     3746.00  0.498887E+09
     3756.00  0.560149E+09
     3766.00  0.623606E+09
     3776.00  0.689058E+09
     3786.00  0.756313E+09
     3796.00  0.825182E+09
     3806.00  0.895487E+09
     3816.00  0.967053E+09
     3826.00  0.103971E+10
     3836.00  0.111330E+10
     3846.00  0.118767E+10
     3856.00  0.126267E+10
     3866.00  0.133815E+10
     3876.00  0.141398E+10
     3886.00  0.149003E+10
     3896.00  0.156616E+10
     3906.00  0.164226E+10
     3916.00  0.171822E+10
     3926.00  0.179392E+10
     3936.00  0.186925E+10
     3946.00  0.194412E+10
     3956.00  0.201844E+10
     3966.00  0.209210E+10
     3976.00  0.216503E+10
     3986.00  0.223714E+10
     3996.00  0.230835E+10
     4006.00  0.237860E+10
     4016.00  0.244781E+10
     4026.00  0.251593E+10
     4036.00  0.258288E+10
     4046.00  0.264861E+10
     4056.00  0.271307E+10
     4066.00  0.277622E+10
     4076.00  0.283799E+10
     4086.00  0.289836E+10
     4096.00  0.295728E+10
     4106.00  0.301472E+10
     4116.00  0.307064E+10
     4126.00  0.312501E+10
     4136.00  0.317781E+10
     4146.00  0.322902E+10
     4156.00  0.327860E+10
     4166.00  0.332655E+10
     4176.00  0.337284E+10
     4186.00  0.341747E+10
     4196.00  0.346042E+10
     4206.00  0.350169E+10
     4216.00  0.354126E+10
     4226.00  0.357913E+10
     4236.00  0.361530E+10
     4246.00  0.364977E+10
     4256.00  0.368253E+10
     4266.00  0.371360E+10
     4276.00  0.374298E+10
     4286.00  0.377067E+10
     4296.00  0.379667E+10
     4306.00  0.382101E+10
     4316.00  0.384369E+10
     4326.00  0.386472E+10
     4336.00  0.388411E+10
     4346.00  0.390188E+10
     4356.00  0.391805E+10
     4366.00  0.393263E+10
     4376.00  0.394564E+10
     4386.00  0.395710E+10
     4396.00  0.396702E+10
     4406.00  0.397544E+10
     4416.00  0.398236E+10
     4426.00  0.398781E+10
     4436.00  0.399182E+10
     4446.00  0.399440E+10
     4456.00  0.399559E+10
     4466.00  0.399540E+10
     4476.00  0.399386E+10
     4486.00  0.399100E+10
     4511.00  0.397822E+10
     4536.00  0.395774E+10
     4561.00  0.393000E+10
     4586.00  0.389541E+10
     4611.00  0.385442E+10
     4636.00  0.380747E+10
     4661.00  0.375499E+10
     4686.00  0.369742E+10
     4711.00  0.363519E+10
     4736.00  0.356872E+10
     4761.00  0.349843E+10
     4786.00  0.342470E+10
     4811.00  0.334795E+10
     4836.00  0.326853E+10
     4861.00  0.318683E+10
     4886.00  0.310319E+10
     4911.00  0.301794E+10
     4936.00  0.293141E+10
     4961.00  0.284390E+10
     4986.00  0.275571E+10
     5011.00  0.266710E+10
     5036.00  0.257833E+10
     5061.00  0.248965E+10
     5086.00  0.240129E+10
     5111.00  0.231344E+10
     5136.00  0.222632E+10
     5161.00  0.214009E+10
     5186.00  0.205492E+10
     5211.00  0.197097E+10
     5236.00  0.188837E+10
     5261.00  0.180725E+10
     5286.00  0.172772E+10
     5311.00  0.164987E+10
     5336.00  0.157380E+10
     5361.00  0.149958E+10
     5386.00  0.142728E+10
     5411.00  0.135696E+10
     5436.00  0.128864E+10
     5461.00  0.122239E+10
     5511.00  0.109614E+10
     5561.00  0.978350E+09
     5611.00  0.869020E+09
     5661.00  0.768074E+09
     5711.00  0.675345E+09
     5761.00  0.590600E+09
     5811.00  0.513548E+09
     5861.00  0.443855E+09
     5911.00  0.381152E+09
     5961.00  0.325045E+09
     6011.00  0.275123E+09
     6061.00  0.230969E+09
     6111.00  0.192159E+09
     6161.00  0.158274E+09
     6211.00  0.128904E+09
     6261.00  0.103647E+09
     6311.00  0.821171E+08
     6361.00  0.639455E+08
     6411.00  0.487813E+08
     6461.00  0.362934E+08
     6511.00  0.261720E+08
     6561.00  0.181284E+08
     6611.00  0.118955E+08
     6661.00  0.722752E+07
     6711.00  0.389963E+07
     6761.00  0.170748E+07
     6811.00  0.466378E+06
     6861.00  0.103989E+05
     6911.00  0.191463E+06
     6961.00  0.878285E+06
     7011.00  0.195530E+07
     7061.00  0.332157E+07
     7111.00  0.488966E+07
     7161.00  0.658456E+07
     7211.00  0.834258E+07
     7261.00  0.101103E+08
     7311.00  0.118437E+08
     7361.00  0.135068E+08
     7411.00  0.150715E+08
     7511.00  0.178235E+08
     7611.00  0.199897E+08
     7711.00  0.215299E+08
     7811.00  0.224540E+08
     7911.00  0.228065E+08
     8011.00  0.226535E+08
     8111.00  0.220730E+08
     8211.00  0.211471E+08
     8311.00  0.199566E+08
     8411.00  0.185772E+08
     8511.00  0.170770E+08
     8611.00  0.155154E+08
     8711.00  0.139422E+08
     8811.00  0.123978E+08
     8911.00  0.109138E+08
     9011.00  0.951364E+07
     9111.00  0.821356E+07
     9211.00  0.702364E+07
     9311.00  0.594880E+07
     9411.00  0.498976E+07
     9511.00  0.414393E+07
     9611.00  0.340626E+07
     9711.00  0.276993E+07
     9811.00  0.222696E+07
     9911.00  0.176868E+07
    10011.00  0.138620E+07
    10111.00  0.107065E+07
    10211.00  0.813505E+06
    10311.00  0.606696E+06
    10411.00  0.442758E+06
    10511.00  0.314896E+06
    10611.00  0.217015E+06
    10711.00  0.143730E+06
    10811.00  0.903396E+05
    10911.00  0.527972E+05
    11011.00  0.276616E+05
    11111.00  0.120450E+05
    11211.00  0.355553E+04
    11311.00  0.240647E+03
    11411.00  0.530452E+03
    11511.00  0.318433E+04
    11611.00  0.724111E+04
    11711.00  0.119736E+05
    11811.00  0.168477E+05
    11911.00  0.214864E+05
    12011.00  0.256384E+05
    12111.00  0.291507E+05
    12211.00  0.319465E+05
    12311.00  0.340053E+05
    12411.00  0.353476E+05
    12511.00  0.360224E+05
    12611.00  0.360965E+05
    12711.00  0.356470E+05
    12811.00  0.347550E+05
    12911.00  0.335014E+05
    13011.00  0.319635E+05
    13111.00  0.302131E+05
    13211.00  0.283149E+05
    13311.00  0.263259E+05
    13411.00  0.242952E+05
    13511.00  0.222643E+05
    13611.00  0.202670E+05
    13711.00  0.183308E+05
    13811.00  0.164765E+05
    13911.00  0.147200E+05
    14011.00  0.130719E+05
    14111.00  0.115393E+05
    14211.00  0.101254E+05
    14311.00  0.883095E+04
    14411.00  0.765434E+04
    14511.00  0.659219E+04
    14611.00  0.563975E+04
    14711.00  0.479131E+04
    14811.00  0.404049E+04
    14911.00  0.338045E+04
    15011.00  0.280416E+04
    15111.00  0.230455E+04
    15211.00  0.187462E+04
    15311.00  0.150758E+04
    15411.00  0.119692E+04
    15511.00  0.936428E+03
    15611.00  0.720294E+03
    15711.00  0.543081E+03
    15811.00  0.399762E+03
    15911.00  0.285719E+03
    16011.00  0.196737E+03
    16111.00  0.128995E+03
    16211.00  0.790539E+02
    16311.00  0.438382E+02
    16411.00  0.206184E+02
    16511.00  0.699014E+01
    16611.00  0.853536E+00
    16711.00  0.391860E+00
    16811.00  0.405001E+01
    16911.00  0.105132E+02
    17011.00  0.186861E+02
    17111.00  0.276724E+02
    17211.00  0.367547E+02
    17311.00  0.453753E+02
    17411.00  0.531181E+02
    17511.00  0.596906E+02
    17611.00  0.649068E+02
    17711.00  0.686718E+02
    17811.00  0.709667E+02
    17911.00  0.718339E+02
    18011.00  0.713654E+02
    18111.00  0.696899E+02
    18211.00  0.669624E+02
    18311.00  0.633548E+02
    18411.00  0.590472E+02
    18511.00  0.542203E+02
    18611.00  0.490499E+02
    18711.00  0.437015E+02
    18811.00  0.383261E+02
    18911.00  0.330572E+02
    19011.00  0.280093E+02
    19111.00  0.232761E+02
    19311.00  0.150249E+02
    19511.00  0.864667E+01
    19711.00  0.419638E+01
    19911.00  0.150297E+01
    20111.00  0.243367E+00
    20311.00  0.180396E-01
    20511.00  0.418740E+00
    20711.00  0.108203E+01
    20911.00  0.172509E+01
    21111.00  0.216313E+01
    21311.00  0.230992E+01
    21511.00  0.216497E+01
    21711.00  0.179159E+01
    21911.00  0.129069E+01
    22111.00  0.774630E+00
    22311.00  0.344698E+00
    22511.00  0.747367E-01
    22711.00  0.205770E-02
    22911.00  0.125709E+00
    23111.00  0.411098E+00
    23311.00  0.799296E+00
    23511.00  0.121895E+01
    23711.00  0.159869E+01
    23911.00  0.187822E+01
    24111.00  0.201653E+01
    24311.00  0.199662E+01
    24511.00  0.182617E+01
    24711.00  0.153482E+01
    24911.00  0.116849E+01
    25111.00  0.782031E+00
    25311.00  0.431200E+00
    25511.00  0.165125E+00
    25711.00  0.202170E-01
    25911.00  0.161324E-01
    26111.00  0.154151E+00
    26311.00  0.417945E+00
    26511.00  0.776454E+00
    26711.00  0.118833E+01
    26911.00  0.160731E+01



