
         23        23         6       781C   C   D    0.822591500D+05
  E STATE HAS LABEL C   
 VIBRATIONAL LEVELS FOR STATE E IN 1/CM FOR J= 22
      -7514.39248     -5867.31952     -4349.40500     -2966.00247
     -1725.31958      -640.95020
 PROPORTION OF STATE C   
  0.999999E+00 0.999997E+00 0.999996E+00 0.999996E+00 0.999995E+00
  0.999995E+00
 PROPORTION OF STATE D   
  0.108742E-05 0.272874E-05 0.379925E-05 0.444521E-05 0.480488E-05
  0.497022E-05
 TABLE FOR EMISSION PROBABILITIES   E(J= 22,IE) ==>F(J= 22,IF)
         IE==>      0            1            2            3
        1.00  0.000000E+00 0.000000E+00 0.000000E+00 0.000000E+00
        2.00  0.000000E+00 0.000000E+00 0.000000E+00 0.000000E+00
        3.00  0.000000E+00 0.000000E+00 0.000000E+00 0.000000E+00
        4.00  0.000000E+00 0.000000E+00 0.000000E+00 0.000000E+00
        5.00  0.000000E+00 0.000000E+00 0.000000E+00 0.000000E+00
        6.00  0.000000E+00 0.000000E+00 0.000000E+00 0.000000E+00
        7.00  0.000000E+00 0.000000E+00 0.000000E+00 0.000000E+00
        8.00  0.000000E+00 0.000000E+00 0.000000E+00 0.000000E+00
        9.00  0.000000E+00 0.000000E+00 0.000000E+00 0.000000E+00
       10.00  0.000000E+00 0.000000E+00 0.000000E+00 0.215839E-37
       11.00  0.000000E+00 0.000000E+00 0.558846E-37 0.175264E-36
       12.00  0.000000E+00 0.000000E+00 0.379094E-36 0.118173E-35
       13.00  0.000000E+00 0.175465E-37 0.220017E-35 0.681691E-35
       14.00  0.000000E+00 0.894874E-37 0.111818E-34 0.344346E-34
       15.00  0.118929E-37 0.407072E-36 0.506879E-34 0.155143E-33
       16.00  0.487653E-37 0.167635E-35 0.208009E-33 0.632774E-33
       17.00  0.183227E-36 0.632570E-35 0.782196E-33 0.236489E-32
       18.00  0.637217E-36 0.220938E-34 0.272249E-32 0.818054E-32
       19.00  0.206851E-35 0.720282E-34 0.884486E-32 0.264130E-31
       20.00  0.631236E-35 0.220748E-33 0.270133E-31 0.801694E-31
       21.00  0.182191E-34 0.639865E-33 0.780308E-31 0.230139E-30
       22.00  0.499952E-34 0.176338E-32 0.214300E-30 0.628105E-30
       23.00  0.131028E-33 0.464126E-32 0.562095E-30 0.163719E-29
       24.00  0.329264E-33 0.117130E-31 0.141365E-29 0.409167E-29
       25.00  0.796109E-33 0.284412E-31 0.342078E-29 0.983880E-29
       26.00  0.185769E-32 0.666498E-31 0.798876E-29 0.228322E-28
       27.00  0.419492E-32 0.151146E-30 0.180544E-28 0.512735E-28
       28.00  0.918898E-32 0.332494E-30 0.395802E-28 0.111692E-27
       29.00  0.195677E-31 0.711049E-30 0.843535E-28 0.236522E-27
       30.00  0.405864E-31 0.148109E-29 0.175104E-27 0.487844E-27
       31.00  0.821387E-31 0.301016E-29 0.354663E-27 0.981763E-27
       32.00  0.162452E-30 0.597867E-29 0.702014E-27 0.193078E-26
       33.00  0.314437E-30 0.116212E-28 0.135990E-26 0.371605E-26
       34.00  0.596402E-30 0.221355E-28 0.258145E-26 0.700838E-26
       35.00  0.110983E-29 0.413656E-28 0.480766E-26 0.129675E-25
       36.00  0.202842E-29 0.759227E-28 0.879401E-26 0.235651E-25
       37.00  0.364483E-29 0.137000E-27 0.158146E-25 0.421007E-25
       38.00  0.644482E-29 0.243266E-27 0.279862E-25 0.740143E-25
       39.00  0.112235E-28 0.425424E-27 0.487765E-25 0.128149E-24
       40.00  0.192648E-28 0.733303E-27 0.837915E-25 0.218688E-24
       42.00  0.545047E-28 0.209217E-26 0.237450E-24 0.611518E-24
       44.00  0.146713E-27 0.567894E-26 0.640192E-24 0.162674E-23
       46.00  0.377412E-27 0.147314E-25 0.164952E-23 0.413523E-23
       48.00  0.931471E-27 0.366623E-25 0.407769E-23 0.100843E-22
       50.00  0.221319E-26 0.878385E-25 0.970433E-23 0.236727E-22
       52.00  0.507779E-26 0.203213E-24 0.223009E-22 0.536552E-22
       54.00  0.112797E-25 0.455174E-24 0.496189E-22 0.117734E-21
       56.00  0.243178E-25 0.989465E-24 0.107146E-21 0.250697E-21
       58.00  0.509890E-25 0.209191E-23 0.225023E-21 0.519132E-21
       60.00  0.104180E-24 0.430959E-23 0.460505E-21 0.104741E-20
       62.00  0.207776E-24 0.866612E-23 0.919911E-21 0.206260E-20
       64.00  0.405120E-24 0.170367E-22 0.179653E-20 0.397049E-20
       66.00  0.773329E-24 0.327893E-22 0.343490E-20 0.748198E-20
       68.00  0.144708E-23 0.618616E-22 0.643786E-20 0.138194E-19
       70.00  0.265752E-23 0.114541E-21 0.118420E-19 0.250478E-19
       72.00  0.479493E-23 0.208360E-21 0.214007E-19 0.445985E-19
       74.00  0.850813E-23 0.372742E-21 0.380347E-19 0.780852E-19
       76.00  0.148602E-22 0.656352E-21 0.665380E-19 0.134557E-18
       78.00  0.255692E-22 0.113857E-20 0.114672E-18 0.228396E-18
       80.00  0.433752E-22 0.194720E-20 0.194841E-18 0.382167E-18
       82.00  0.725952E-22 0.328546E-20 0.326622E-18 0.630821E-18
       84.00  0.119951E-21 0.547275E-20 0.540552E-18 0.102786E-17
       86.00  0.195790E-21 0.900541E-20 0.883738E-18 0.165423E-17
       88.00  0.315879E-21 0.146466E-19 0.142807E-17 0.263116E-17
       90.00  0.503990E-21 0.235580E-19 0.228218E-17 0.413819E-17
       92.00  0.795630E-21 0.374905E-19 0.360858E-17 0.643880E-17
       94.00  0.124334E-20 0.590592E-19 0.564822E-17 0.991581E-17
       96.00  0.192418E-20 0.921357E-19 0.875517E-17 0.151206E-16
       98.00  0.295025E-20 0.142403E-18 0.134454E-16 0.228404E-16
      100.00  0.448323E-20 0.218134E-18 0.204646E-16 0.341899E-16
      102.00  0.675462E-20 0.331285E-18 0.308822E-16 0.507346E-16
      104.00  0.100933E-19 0.498998E-18 0.462210E-16 0.746570E-16
      106.00  0.149634E-19 0.745682E-18 0.686327E-16 0.108977E-15
      108.00  0.220150E-19 0.110585E-17 0.101138E-15 0.157841E-15
      110.00  0.321531E-19 0.162798E-17 0.147950E-15 0.226911E-15
      112.00  0.466292E-19 0.237973E-17 0.214905E-15 0.323856E-15
      114.00  0.671637E-19 0.345497E-17 0.310042E-15 0.459006E-15
      116.00  0.961073E-19 0.498313E-17 0.444363E-15 0.646186E-15
      118.00  0.136654E-18 0.714165E-17 0.632849E-15 0.903791E-15
      122.00  0.271304E-18 0.144039E-16 0.126045E-14 0.173525E-14
      126.00  0.526420E-18 0.283915E-16 0.245355E-14 0.325378E-14
      130.00  0.999728E-18 0.547711E-16 0.467451E-14 0.596707E-14
      134.00  0.186071E-17 0.103549E-15 0.872822E-14 0.107163E-13
      138.00  0.339819E-17 0.192086E-15 0.159914E-13 0.188688E-13
      142.00  0.609630E-17 0.350010E-15 0.287805E-13 0.326082E-13
      146.00  0.107540E-16 0.627099E-15 0.509327E-13 0.553620E-13
      150.00  0.186708E-16 0.110577E-14 0.887121E-13 0.924236E-13
      154.00  0.319308E-16 0.192057E-14 0.152203E-12 0.151841E-12
      158.00  0.538332E-16 0.328835E-14 0.257429E-12 0.245668E-12
      162.00  0.895360E-16 0.555416E-14 0.429537E-12 0.391702E-12
      166.00  0.147009E-15 0.926069E-14 0.707526E-12 0.615856E-12
      170.00  0.238428E-15 0.152519E-13 0.115121E-11 0.955354E-12
      174.00  0.382204E-15 0.248265E-13 0.185135E-11 0.146298E-11
      178.00  0.605883E-15 0.399624E-13 0.294430E-11 0.221262E-11
      182.00  0.950294E-15 0.636431E-13 0.463288E-11 0.330644E-11
      186.00  0.147539E-14 0.100327E-12 0.721606E-11 0.488393E-11
      190.00  0.226843E-14 0.156619E-12 0.111306E-10 0.713325E-11
      194.00  0.345533E-14 0.242218E-12 0.170094E-10 0.103051E-10
      198.00  0.521639E-14 0.371255E-12 0.257617E-10 0.147297E-10
      202.00  0.780766E-14 0.564156E-12 0.386840E-10 0.208362E-10
      206.00  0.115902E-13 0.850231E-12 0.576116E-10 0.291759E-10
      210.00  0.170696E-13 0.127123E-11 0.851236E-10 0.404479E-10
      214.00  0.249486E-13 0.188624E-11 0.124820E-09 0.555273E-10
      218.00  0.361981E-13 0.277828E-11 0.181693E-09 0.754939E-10
      222.00  0.521509E-13 0.406334E-11 0.262619E-09 0.101661E-09
      226.00  0.746247E-13 0.590238E-11 0.377020E-09 0.135601E-09
      230.00  0.106085E-12 0.851753E-11 0.537717E-09 0.179162E-09
      234.00  0.149856E-12 0.122136E-10 0.762071E-09 0.234477E-09
      238.00  0.210397E-12 0.174064E-10 0.107345E-08 0.303948E-09
      242.00  0.293655E-12 0.246605E-10 0.150316E-08 0.390213E-09
      246.00  0.407525E-12 0.347382E-10 0.209291E-08 0.496063E-09
      250.00  0.562433E-12 0.486638E-10 0.289799E-08 0.624328E-09
      254.00  0.772086E-12 0.678075E-10 0.399138E-08 0.777687E-09
      258.00  0.105442E-11 0.939931E-10 0.546896E-08 0.958410E-09
      262.00  0.143279E-11 0.129638E-09 0.745611E-08 0.116801E-08
      266.00  0.193749E-11 0.177931E-09 0.101161E-07 0.140681E-08
      270.00  0.260767E-11 0.243065E-09 0.136605E-07 0.167336E-08
      274.00  0.349365E-11 0.330524E-09 0.183628E-07 0.196381E-08
      282.00  0.618878E-11 0.603149E-09 0.327467E-07 0.258457E-08
      290.00  0.107809E-10 0.108233E-08 0.574291E-07 0.316212E-08
      298.00  0.184855E-10 0.191165E-08 0.991373E-07 0.350977E-08
      306.00  0.312253E-10 0.332623E-08 0.168600E-06 0.337324E-08
      314.00  0.520025E-10 0.570602E-08 0.282705E-06 0.252544E-08
      322.00  0.854471E-10 0.965757E-08 0.467717E-06 0.104872E-08
      330.00  0.138617E-09 0.161380E-07 0.764005E-06 0.188652E-14
      338.00  0.222154E-09 0.266410E-07 0.123295E-05 0.280508E-08
      346.00  0.351933E-09 0.434738E-07 0.196689E-05 0.179767E-07
      354.00  0.551408E-09 0.701648E-07 0.310345E-05 0.641463E-07
      362.00  0.854892E-09 0.112059E-06 0.484567E-05 0.179017E-06
      370.00  0.131213E-08 0.177181E-06 0.749055E-05 0.434799E-06
      378.00  0.199463E-08 0.277473E-06 0.114687E-04 0.964112E-06
      386.00  0.300431E-08 0.430566E-06 0.173996E-04 0.200251E-05
      394.00  0.448533E-08 0.662289E-06 0.261670E-04 0.395694E-05
      402.00  0.664001E-08 0.101020E-05 0.390230E-04 0.751395E-05
      410.00  0.975032E-08 0.152850E-05 0.577285E-04 0.138083E-04
      418.00  0.142063E-07 0.229491E-05 0.847427E-04 0.246819E-04
      426.00  0.205443E-07 0.342016E-05 0.123478E-03 0.430760E-04
      434.00  0.294964E-07 0.506092E-05 0.178639E-03 0.736192E-04
      442.00  0.420568E-07 0.743771E-05 0.256676E-03 0.123500E-03
      450.00  0.595666E-07 0.108590E-04 0.366376E-03 0.203744E-03
      458.00  0.838255E-07 0.157540E-04 0.519651E-03 0.331078E-03
      466.00  0.117235E-06 0.227166E-04 0.732553E-03 0.530608E-03
      474.00  0.162981E-06 0.325646E-04 0.102661E-02 0.839655E-03
      482.00  0.225272E-06 0.464186E-04 0.143055E-02 0.131319E-02
      490.00  0.309639E-06 0.658067E-04 0.198251E-02 0.203152E-02
      498.00  0.423313E-06 0.928037E-04 0.273295E-02 0.311100E-02
      506.00  0.575711E-06 0.130215E-03 0.374825E-02 0.471895E-02
      514.00  0.779040E-06 0.181816E-03 0.511545E-02 0.709433E-02
      522.00  0.104905E-05 0.252669E-03 0.694815E-02 0.105761E-01
      530.00  0.140599E-05 0.349539E-03 0.939406E-02 0.156418E-01
      538.00  0.187577E-05 0.481422E-03 0.126445E-01 0.229607E-01
      546.00  0.249145E-05 0.660254E-03 0.169465E-01 0.334650E-01
      554.00  0.329502E-05 0.901806E-03 0.226177E-01 0.484459E-01
      562.00  0.433966E-05 0.122685E-02 0.300654E-01 0.696834E-01
      570.00  0.569244E-05 0.166268E-02 0.398100E-01 0.996185E-01
      578.00  0.743770E-05 0.224501E-02 0.525142E-01 0.141584E+00
      586.00  0.968111E-05 0.302046E-02 0.690200E-01 0.200107E+00
      596.00  0.133900E-04 0.435546E-02 0.966475E-01 0.306074E+00
      606.00  0.184169E-04 0.624807E-02 0.134617E+00 0.464480E+00
      616.00  0.251952E-04 0.891876E-02 0.186549E+00 0.699621E+00
      626.00  0.342900E-04 0.126707E-01 0.257253E+00 0.104637E+01
      636.00  0.464348E-04 0.179194E-01 0.353090E+00 0.155450E+01
      646.00  0.625777E-04 0.252322E-01 0.482444E+00 0.229470E+01
      656.00  0.839396E-04 0.353816E-01 0.656335E+00 0.336690E+01
      666.00  0.112086E-03 0.494166E-01 0.889192E+00 0.491173E+01
      676.00  0.149020E-03 0.687570E-01 0.119986E+01 0.712631E+01
      686.00  0.197289E-03 0.953206E-01 0.161290E+01 0.102858E+02
      696.00  0.260131E-03 0.131691E+00 0.216018E+01 0.147731E+02
      706.00  0.341639E-03 0.181341E+00 0.288302E+01 0.211188E+02
      716.00  0.446975E-03 0.248930E+00 0.383483E+01 0.300564E+02
      726.00  0.582633E-03 0.340697E+00 0.508454E+01 0.425964E+02
      736.00  0.756752E-03 0.464985E+00 0.672089E+01 0.601278E+02
      746.00  0.979511E-03 0.632932E+00 0.885801E+01 0.845547E+02
      756.00  0.126360E-02 0.859387E+00 0.116424E+02 0.118482E+03
      766.00  0.162482E-02 0.116413E+01 0.152617E+02 0.165466E+03
      776.00  0.208274E-02 0.157348E+01 0.199564E+02 0.230351E+03
      786.00  0.266161E-02 0.212243E+01 0.260341E+02 0.319733E+03
      796.00  0.339137E-02 0.285749E+01 0.338876E+02 0.442570E+03
      806.00  0.430894E-02 0.384046E+01 0.440191E+02 0.611027E+03
      816.00  0.545971E-02 0.515346E+01 0.570699E+02 0.841604E+03
      826.00  0.689940E-02 0.690558E+01 0.738586E+02 0.115667E+04
      836.00  0.869630E-02 0.924186E+01 0.954307E+02 0.158653E+04
      846.00  0.109339E-01 0.123552E+02 0.123122E+03 0.217226E+04
      856.00  0.137144E-01 0.165023E+02 0.158639E+03 0.296955E+04
      866.00  0.171620E-01 0.220256E+02 0.204167E+03 0.405390E+04
      876.00  0.214285E-01 0.293818E+02 0.262505E+03 0.552784E+04
      886.00  0.266983E-01 0.391821E+02 0.337244E+03 0.753069E+04
      896.00  0.331958E-01 0.522453E+02 0.433005E+03 0.102521E+05
      906.00  0.411932E-01 0.696714E+02 0.555738E+03 0.139509E+05
      916.00  0.510213E-01 0.929427E+02 0.713136E+03 0.189806E+05
      926.00  0.630813E-01 0.124063E+03 0.915177E+03 0.258264E+05
      936.00  0.778599E-01 0.165754E+03 0.117485E+04 0.351555E+05
      946.00  0.959479E-01 0.221723E+03 0.150912E+04 0.478897E+05
      956.00  0.118063E+00 0.297054E+03 0.194033E+04 0.653080E+05
      966.00  0.145075E+00 0.398751E+03 0.249795E+04 0.891946E+05
      976.00  0.178046E+00 0.536530E+03 0.322126E+04 0.122053E+06
      986.00  0.218268E+00 0.723972E+03 0.416287E+04 0.167423E+06
      996.00  0.267321E+00 0.980217E+03 0.539398E+04 0.230344E+06
     1006.00  0.327141E+00 0.133250E+04 0.701185E+04 0.318063E+06
     1016.00  0.400116E+00 0.182001E+04 0.915087E+04 0.441110E+06
     1026.00  0.489203E+00 0.249984E+04 0.119992E+05 0.614969E+06
     1036.00  0.598098E+00 0.345640E+04 0.158244E+05 0.862735E+06
     1046.00  0.731458E+00 0.481657E+04 0.210132E+05 0.121942E+07
     1056.00  0.895232E+00 0.677485E+04 0.281370E+05 0.173913E+07
     1066.00  0.109714E+01 0.963635E+04 0.380592E+05 0.250738E+07
     1076.00  0.134744E+01 0.138928E+05 0.521233E+05 0.366300E+07
     1086.00  0.166009E+01 0.203633E+05 0.724901E+05 0.543873E+07
     1096.00  0.205483E+01 0.304665E+05 0.102782E+06 0.824040E+07
     1106.00  0.256093E+01 0.467846E+05 0.149381E+06 0.128108E+08
     1116.00  0.322450E+01 0.743157E+05 0.224276E+06 0.205959E+08
     1126.00  0.412443E+01 0.123546E+06 0.351897E+06 0.346447E+08
     1136.00  0.541139E+01 0.219000E+06 0.587823E+06 0.621214E+08
     1146.00  0.742141E+01 0.427619E+06 0.107987E+07 0.122668E+09
     1156.00  0.111016E+02 0.981580E+06 0.232808E+07 0.284685E+09
     1166.00  0.204845E+02 0.312096E+07 0.693935E+07 0.914927E+09
     1176.00  0.864248E+02 0.278185E+08 0.578719E+08 0.824110E+10
     1186.00  0.563012E+02 0.604735E+08 0.117460E+09 0.180996E+11
     1196.00  0.181500E+00 0.637775E+07 0.115399E+08 0.192807E+10
     1206.00  0.102259E+01 0.260877E+07 0.438662E+07 0.796429E+09
     1216.00  0.311893E+01 0.154773E+07 0.241220E+07 0.477052E+09
     1226.00  0.536367E+01 0.109635E+07 0.157932E+07 0.341104E+09
     1236.00  0.777108E+01 0.861701E+06 0.114381E+07 0.270563E+09
     1246.00  0.104339E+02 0.725137E+06 0.884005E+06 0.229731E+09
     1256.00  0.134480E+02 0.640370E+06 0.714393E+06 0.204659E+09
     1266.00  0.169100E+02 0.586143E+06 0.596030E+06 0.188938E+09
     1276.00  0.209223E+02 0.551540E+06 0.509002E+06 0.179277E+09
     1286.00  0.255975E+02 0.530488E+06 0.442204E+06 0.173850E+09
     1296.00  0.310626E+02 0.519408E+06 0.389012E+06 0.171585E+09
     1306.00  0.374630E+02 0.516111E+06 0.345261E+06 0.171834E+09
     1316.00  0.449666E+02 0.519227E+06 0.308209E+06 0.174198E+09
     1326.00  0.537680E+02 0.527904E+06 0.275992E+06 0.178437E+09
     1336.00  0.640941E+02 0.541631E+06 0.247301E+06 0.184418E+09
     1346.00  0.762092E+02 0.560133E+06 0.221202E+06 0.192083E+09
     1356.00  0.904221E+02 0.583311E+06 0.197017E+06 0.201432E+09
     1366.00  0.107094E+03 0.611204E+06 0.174261E+06 0.212507E+09
     1376.00  0.126646E+03 0.643964E+06 0.152592E+06 0.225394E+09
     1386.00  0.149573E+03 0.681842E+06 0.131786E+06 0.240210E+09
     1396.00  0.176454E+03 0.725184E+06 0.111728E+06 0.257108E+09
     1406.00  0.207966E+03 0.774425E+06 0.923976E+05 0.276277E+09
     1416.00  0.244903E+03 0.830097E+06 0.738791E+05 0.297940E+09
     1426.00  0.288197E+03 0.892827E+06 0.563636E+05 0.322359E+09
     1436.00  0.338942E+03 0.963347E+06 0.401646E+05 0.349839E+09
     1446.00  0.398421E+03 0.104251E+07 0.257367E+05 0.380730E+09
     1456.00  0.468139E+03 0.113128E+07 0.137017E+05 0.415434E+09
     1466.00  0.549867E+03 0.123078E+07 0.488133E+04 0.454412E+09
     1476.00  0.645685E+03 0.134229E+07 0.338816E+03 0.498191E+09
     1486.00  0.758036E+03 0.146726E+07 0.142998E+04 0.547371E+09
     1496.00  0.889796E+03 0.160735E+07 0.986616E+04 0.602638E+09
     1506.00  0.104434E+04 0.176446E+07 0.277910E+05 0.664772E+09
     1516.00  0.122566E+04 0.194073E+07 0.578734E+05 0.734662E+09
     1526.00  0.143840E+04 0.213858E+07 0.103421E+06 0.813317E+09
     1536.00  0.168806E+04 0.236079E+07 0.168513E+06 0.901884E+09
     1546.00  0.198109E+04 0.261048E+07 0.258167E+06 0.100166E+10
     1556.00  0.232502E+04 0.289115E+07 0.378526E+06 0.111411E+10
     1566.00  0.272869E+04 0.320678E+07 0.537089E+06 0.124090E+10
     1576.00  0.320241E+04 0.356179E+07 0.742976E+06 0.138387E+10
     1586.00  0.375818E+04 0.396110E+07 0.100723E+07 0.154509E+10
     1596.00  0.440988E+04 0.441015E+07 0.134316E+07 0.172685E+10
     1606.00  0.517351E+04 0.491487E+07 0.176673E+07 0.193167E+10
     1616.00  0.606736E+04 0.548165E+07 0.229693E+07 0.216223E+10
     1626.00  0.711211E+04 0.611726E+07 0.295621E+07 0.242144E+10
     1636.00  0.833090E+04 0.682863E+07 0.377082E+07 0.271226E+10
     1646.00  0.974914E+04 0.762268E+07 0.477106E+07 0.303767E+10
     1656.00  0.113941E+05 0.850586E+07 0.599138E+07 0.340049E+10
     1666.00  0.132944E+05 0.948368E+07 0.747014E+07 0.380320E+10
     1676.00  0.154783E+05 0.105600E+08 0.924892E+07 0.424756E+10
     1686.00  0.179724E+05 0.117361E+08 0.113712E+08 0.473436E+10
     1696.00  0.207991E+05 0.130096E+08 0.138803E+08 0.526285E+10
     1706.00  0.239732E+05 0.143734E+08 0.168161E+08 0.583036E+10
     1716.00  0.274984E+05 0.158144E+08 0.202109E+08 0.643170E+10
     1726.00  0.313632E+05 0.173127E+08 0.240849E+08 0.705884E+10
     1736.00  0.355372E+05 0.188409E+08 0.284400E+08 0.770061E+10
     1746.00  0.399689E+05 0.203646E+08 0.332555E+08 0.834282E+10
     1756.00  0.445845E+05 0.218435E+08 0.384840E+08 0.896881E+10
     1766.00  0.492903E+05 0.232342E+08 0.440504E+08 0.956034E+10
     1776.00  0.539781E+05 0.244929E+08 0.498543E+08 0.100991E+11
     1786.00  0.585331E+05 0.255801E+08 0.557762E+08 0.105682E+11
     1796.00  0.628441E+05 0.264640E+08 0.616872E+08 0.109540E+11
     1806.00  0.668131E+05 0.271236E+08 0.674597E+08 0.112471E+11
     1816.00  0.703637E+05 0.275501E+08 0.729789E+08 0.114435E+11
     1826.00  0.734459E+05 0.277472E+08 0.781514E+08 0.115440E+11
     1836.00  0.760377E+05 0.277293E+08 0.829106E+08 0.115543E+11
     1846.00  0.781430E+05 0.275189E+08 0.872180E+08 0.114832E+11
     1856.00  0.797866E+05 0.271437E+08 0.910614E+08 0.113420E+11
     1866.00  0.810085E+05 0.266334E+08 0.944508E+08 0.111430E+11
     1876.00  0.818581E+05 0.260178E+08 0.974125E+08 0.108983E+11
     1886.00  0.823888E+05 0.253242E+08 0.999837E+08 0.106195E+11
     1896.00  0.826538E+05 0.245772E+08 0.102208E+09 0.103167E+11
     1906.00  0.827035E+05 0.237976E+08 0.104130E+09 0.999879E+10
     1916.00  0.825832E+05 0.230022E+08 0.105795E+09 0.967284E+10
     1926.00  0.823325E+05 0.222048E+08 0.107244E+09 0.934464E+10
     1936.00  0.819854E+05 0.214156E+08 0.108514E+09 0.901866E+10
     1946.00  0.815699E+05 0.206423E+08 0.109639E+09 0.869821E+10
     1956.00  0.811090E+05 0.198904E+08 0.110647E+09 0.838570E+10
     1966.00  0.806210E+05 0.191636E+08 0.111563E+09 0.808278E+10
     1976.00  0.801204E+05 0.184642E+08 0.112405E+09 0.779050E+10
     1986.00  0.796183E+05 0.177934E+08 0.113192E+09 0.750944E+10
     1996.00  0.791231E+05 0.171515E+08 0.113935E+09 0.723987E+10
     2006.00  0.786410E+05 0.165384E+08 0.114647E+09 0.698175E+10
     2016.00  0.781765E+05 0.159534E+08 0.115335E+09 0.673490E+10
     2026.00  0.777324E+05 0.153956E+08 0.116006E+09 0.649897E+10
     2036.00  0.773106E+05 0.148639E+08 0.116665E+09 0.627356E+10
     2046.00  0.769119E+05 0.143570E+08 0.117316E+09 0.605818E+10
     2056.00  0.765367E+05 0.138736E+08 0.117961E+09 0.585234E+10
     2066.00  0.761846E+05 0.134124E+08 0.118601E+09 0.565552E+10
     2076.00  0.758550E+05 0.129722E+08 0.119239E+09 0.546721E+10
     2086.00  0.755467E+05 0.125516E+08 0.119874E+09 0.528692E+10
     2096.00  0.752587E+05 0.121494E+08 0.120506E+09 0.511415E+10
     2106.00  0.749897E+05 0.117645E+08 0.121135E+09 0.494845E+10
     2116.00  0.747381E+05 0.113958E+08 0.121760E+09 0.478938E+10
     2126.00  0.745026E+05 0.110422E+08 0.122380E+09 0.463654E+10
     2136.00  0.742815E+05 0.107028E+08 0.122994E+09 0.448954E+10
     2146.00  0.740735E+05 0.103768E+08 0.123601E+09 0.434802E+10
     2156.00  0.738770E+05 0.100632E+08 0.124199E+09 0.421166E+10
     2166.00  0.736905E+05 0.976130E+07 0.124787E+09 0.408014E+10
     2176.00  0.735127E+05 0.947039E+07 0.125364E+09 0.395317E+10
     2186.00  0.733421E+05 0.918981E+07 0.125928E+09 0.383051E+10
     2196.00  0.731776E+05 0.891895E+07 0.126478E+09 0.371190E+10
     2206.00  0.730179E+05 0.865726E+07 0.127012E+09 0.359712E+10
     2216.00  0.728619E+05 0.840422E+07 0.127529E+09 0.348597E+10
     2226.00  0.727084E+05 0.815935E+07 0.128028E+09 0.337826E+10
     2236.00  0.725564E+05 0.792222E+07 0.128507E+09 0.327382E+10
     2246.00  0.724050E+05 0.769243E+07 0.128966E+09 0.317249E+10
     2256.00  0.722533E+05 0.746961E+07 0.129403E+09 0.307413E+10
     2266.00  0.721004E+05 0.725341E+07 0.129818E+09 0.297859E+10
     2276.00  0.719456E+05 0.704352E+07 0.130208E+09 0.288576E+10
     2286.00  0.717882E+05 0.683966E+07 0.130574E+09 0.279551E+10
     2296.00  0.716275E+05 0.664156E+07 0.130914E+09 0.270776E+10
     2306.00  0.714629E+05 0.644897E+07 0.131228E+09 0.262240E+10
     2316.00  0.712939E+05 0.626167E+07 0.131515E+09 0.253934E+10
     2326.00  0.711200E+05 0.607944E+07 0.131775E+09 0.245851E+10
     2336.00  0.709408E+05 0.590210E+07 0.132006E+09 0.237982E+10
     2346.00  0.707559E+05 0.572946E+07 0.132209E+09 0.230321E+10
     2356.00  0.705648E+05 0.556135E+07 0.132383E+09 0.222861E+10
     2366.00  0.703674E+05 0.539762E+07 0.132528E+09 0.215595E+10
     2376.00  0.701634E+05 0.523811E+07 0.132643E+09 0.208519E+10
     2386.00  0.699524E+05 0.508271E+07 0.132728E+09 0.201627E+10
     2396.00  0.697343E+05 0.493127E+07 0.132784E+09 0.194914E+10
     2406.00  0.695089E+05 0.478369E+07 0.132809E+09 0.188375E+10
     2416.00  0.692761E+05 0.463984E+07 0.132804E+09 0.182007E+10
     2426.00  0.690359E+05 0.449963E+07 0.132769E+09 0.175804E+10
     2436.00  0.687881E+05 0.436295E+07 0.132704E+09 0.169763E+10
     2446.00  0.685326E+05 0.422972E+07 0.132609E+09 0.163881E+10
     2456.00  0.682695E+05 0.409984E+07 0.132484E+09 0.158153E+10
     2466.00  0.679987E+05 0.397323E+07 0.132330E+09 0.152577E+10
     2476.00  0.677202E+05 0.384981E+07 0.132146E+09 0.147149E+10
     2486.00  0.674342E+05 0.372950E+07 0.131933E+09 0.141865E+10
     2496.00  0.671405E+05 0.361223E+07 0.131691E+09 0.136724E+10
     2506.00  0.668394E+05 0.349793E+07 0.131421E+09 0.131722E+10
     2516.00  0.665308E+05 0.338654E+07 0.131123E+09 0.126856E+10
     2526.00  0.662150E+05 0.327798E+07 0.130797E+09 0.122124E+10
     2536.00  0.658919E+05 0.317221E+07 0.130444E+09 0.117523E+10
     2546.00  0.655618E+05 0.306915E+07 0.130064E+09 0.113051E+10
     2556.00  0.652248E+05 0.296875E+07 0.129658E+09 0.108704E+10
     2566.00  0.648810E+05 0.287096E+07 0.129227E+09 0.104481E+10
     2576.00  0.645306E+05 0.277571E+07 0.128770E+09 0.100379E+10
     2586.00  0.641736E+05 0.268296E+07 0.128288E+09 0.963960E+09
     2596.00  0.638104E+05 0.259265E+07 0.127782E+09 0.925291E+09
     2606.00  0.634410E+05 0.250474E+07 0.127253E+09 0.887763E+09
     2616.00  0.630657E+05 0.241916E+07 0.126700E+09 0.851353E+09
     2626.00  0.626846E+05 0.233588E+07 0.126125E+09 0.816040E+09
     2636.00  0.622979E+05 0.225485E+07 0.125528E+09 0.781801E+09
     2646.00  0.619057E+05 0.217602E+07 0.124910E+09 0.748615E+09
     2656.00  0.615084E+05 0.209934E+07 0.124271E+09 0.716460E+09
     2666.00  0.611060E+05 0.202477E+07 0.123613E+09 0.685315E+09
     2676.00  0.606988E+05 0.195227E+07 0.122935E+09 0.655160E+09
     2686.00  0.602869E+05 0.188179E+07 0.122238E+09 0.625973E+09
     2696.00  0.598705E+05 0.181329E+07 0.121522E+09 0.597733E+09
     2706.00  0.594499E+05 0.174673E+07 0.120790E+09 0.570422E+09
     2716.00  0.590251E+05 0.168207E+07 0.120040E+09 0.544017E+09
     2726.00  0.585964E+05 0.161926E+07 0.119273E+09 0.518501E+09
     2736.00  0.581641E+05 0.155827E+07 0.118491E+09 0.493853E+09
     2746.00  0.577281E+05 0.149905E+07 0.117694E+09 0.470054E+09
     2756.00  0.572888E+05 0.144158E+07 0.116882E+09 0.447085E+09
     2766.00  0.568464E+05 0.138580E+07 0.116056E+09 0.424926E+09
     2776.00  0.564009E+05 0.133169E+07 0.115216E+09 0.403560E+09
     2786.00  0.559527E+05 0.127920E+07 0.114364E+09 0.382967E+09
     2796.00  0.555018E+05 0.122831E+07 0.113499E+09 0.363130E+09
     2806.00  0.550485E+05 0.117897E+07 0.112623E+09 0.344031E+09
     2816.00  0.545929E+05 0.113115E+07 0.111735E+09 0.325651E+09
     2826.00  0.541351E+05 0.108482E+07 0.110837E+09 0.307973E+09
     2836.00  0.536754E+05 0.103993E+07 0.109929E+09 0.290980E+09
     2846.00  0.532140E+05 0.996468E+06 0.109011E+09 0.274654E+09
     2856.00  0.527509E+05 0.954387E+06 0.108084E+09 0.258979E+09
     2866.00  0.522863E+05 0.913660E+06 0.107149E+09 0.243939E+09
     2876.00  0.518205E+05 0.874254E+06 0.106206E+09 0.229516E+09
     2886.00  0.513535E+05 0.836137E+06 0.105255E+09 0.215694E+09
     2896.00  0.508856E+05 0.799279E+06 0.104298E+09 0.202458E+09
     2906.00  0.504168E+05 0.763650E+06 0.103334E+09 0.189792E+09
     2916.00  0.499473E+05 0.729219E+06 0.102364E+09 0.177681E+09
     2926.00  0.494773E+05 0.695958E+06 0.101389E+09 0.166109E+09
     2936.00  0.490068E+05 0.663838E+06 0.100408E+09 0.155061E+09
     2946.00  0.485361E+05 0.632830E+06 0.994234E+08 0.144522E+09
     2956.00  0.480652E+05 0.602906E+06 0.984344E+08 0.134479E+09
     2966.00  0.475943E+05 0.574040E+06 0.974416E+08 0.124916E+09
     2976.00  0.471236E+05 0.546204E+06 0.964456E+08 0.115821E+09
     2986.00  0.466530E+05 0.519372E+06 0.954468E+08 0.107178E+09
     2996.00  0.461828E+05 0.493518E+06 0.944456E+08 0.989747E+08
     3006.00  0.457131E+05 0.468617E+06 0.934423E+08 0.911978E+08
     3016.00  0.452439E+05 0.444644E+06 0.924374E+08 0.838343E+08
     3026.00  0.447755E+05 0.421574E+06 0.914312E+08 0.768712E+08
     3036.00  0.443078E+05 0.399384E+06 0.904241E+08 0.702961E+08
     3046.00  0.438411E+05 0.378049E+06 0.894165E+08 0.640966E+08
     3056.00  0.433753E+05 0.357547E+06 0.884087E+08 0.582608E+08
     3066.00  0.429107E+05 0.337855E+06 0.874011E+08 0.527768E+08
     3076.00  0.424473E+05 0.318951E+06 0.863939E+08 0.476330E+08
     3086.00  0.419851E+05 0.300813E+06 0.853875E+08 0.428181E+08
     3096.00  0.415243E+05 0.283420E+06 0.843823E+08 0.383210E+08
     3106.00  0.410650E+05 0.266750E+06 0.833784E+08 0.341308E+08
     3116.00  0.406073E+05 0.250784E+06 0.823763E+08 0.302370E+08
     3126.00  0.401511E+05 0.235501E+06 0.813762E+08 0.266290E+08
     3136.00  0.396968E+05 0.220882E+06 0.803784E+08 0.232967E+08
     3146.00  0.392441E+05 0.206907E+06 0.793832E+08 0.202301E+08
     3156.00  0.387934E+05 0.193558E+06 0.783908E+08 0.174196E+08
     3166.00  0.383446E+05 0.180816E+06 0.774015E+08 0.148556E+08
     3176.00  0.378979E+05 0.168664E+06 0.764156E+08 0.125287E+08
     3186.00  0.374532E+05 0.157082E+06 0.754332E+08 0.104301E+08
     3196.00  0.370106E+05 0.146055E+06 0.744547E+08 0.855065E+07
     3206.00  0.365703E+05 0.135565E+06 0.734802E+08 0.688184E+07
     3216.00  0.361323E+05 0.125596E+06 0.725100E+08 0.541520E+07
     3226.00  0.356965E+05 0.116132E+06 0.715442E+08 0.414250E+07
     3236.00  0.352632E+05 0.107156E+06 0.705831E+08 0.305569E+07
     3246.00  0.348323E+05 0.986532E+05 0.696269E+08 0.214695E+07
     3256.00  0.344039E+05 0.906089E+05 0.686758E+08 0.140862E+07
     3266.00  0.339781E+05 0.830081E+05 0.677299E+08 0.833287E+06
     3276.00  0.335548E+05 0.758362E+05 0.667895E+08 0.413684E+06
     3286.00  0.331342E+05 0.690793E+05 0.658546E+08 0.142756E+06
     3296.00  0.327163E+05 0.627236E+05 0.649255E+08 0.136315E+05
     3306.00  0.323011E+05 0.567556E+05 0.640023E+08 0.196229E+05
     3316.00  0.318887E+05 0.511622E+05 0.630852E+08 0.154223E+06
     3326.00  0.314791E+05 0.459306E+05 0.621743E+08 0.411104E+06
     3336.00  0.310723E+05 0.410482E+05 0.612697E+08 0.784113E+06
     3346.00  0.306684E+05 0.365030E+05 0.603715E+08 0.126727E+07
     3356.00  0.302674E+05 0.322829E+05 0.594800E+08 0.185477E+07
     3366.00  0.298693E+05 0.283764E+05 0.585951E+08 0.254096E+07
     3376.00  0.294743E+05 0.247721E+05 0.577171E+08 0.332036E+07
     3386.00  0.290822E+05 0.214590E+05 0.568459E+08 0.418766E+07
     3396.00  0.286931E+05 0.184264E+05 0.559818E+08 0.513770E+07
     3406.00  0.283071E+05 0.156637E+05 0.551248E+08 0.616547E+07
     3416.00  0.279242E+05 0.131607E+05 0.542751E+08 0.726612E+07
     3426.00  0.275443E+05 0.109074E+05 0.534326E+08 0.843495E+07
     3436.00  0.271676E+05 0.889413E+04 0.525975E+08 0.966740E+07
     3446.00  0.267940E+05 0.711144E+04 0.517698E+08 0.109591E+08
     3456.00  0.264236E+05 0.555011E+04 0.509496E+08 0.123057E+08
     3466.00  0.260563E+05 0.420117E+04 0.501370E+08 0.137031E+08
     3476.00  0.256922E+05 0.305589E+04 0.493321E+08 0.151473E+08
     3486.00  0.253313E+05 0.210578E+04 0.485348E+08 0.166345E+08
     3496.00  0.249736E+05 0.134256E+04 0.477453E+08 0.181609E+08
     3506.00  0.246191E+05 0.758199E+03 0.469636E+08 0.197229E+08
     3516.00  0.242679E+05 0.344874E+03 0.461898E+08 0.213170E+08
     3526.00  0.239199E+05 0.949792E+02 0.454238E+08 0.229399E+08
     3536.00  0.235751E+05 0.112133E+01 0.446658E+08 0.245884E+08
     3546.00  0.232336E+05 0.561141E+02 0.439156E+08 0.262592E+08
     3556.00  0.228954E+05 0.252975E+03 0.431735E+08 0.279495E+08
     3566.00  0.225604E+05 0.584920E+03 0.424394E+08 0.296563E+08
     3576.00  0.222287E+05 0.104536E+04 0.417133E+08 0.313768E+08
     3586.00  0.219002E+05 0.162790E+04 0.409953E+08 0.331084E+08
     3596.00  0.215750E+05 0.232633E+04 0.402853E+08 0.348484E+08
     3606.00  0.212531E+05 0.313462E+04 0.395834E+08 0.365945E+08
     3616.00  0.209345E+05 0.404692E+04 0.388895E+08 0.383442E+08
     3626.00  0.206192E+05 0.505757E+04 0.382038E+08 0.400952E+08
     3636.00  0.203071E+05 0.616106E+04 0.375261E+08 0.418455E+08
     3646.00  0.199982E+05 0.735206E+04 0.368565E+08 0.435928E+08
     3656.00  0.196927E+05 0.862540E+04 0.361949E+08 0.453353E+08
     3666.00  0.193904E+05 0.997607E+04 0.355414E+08 0.470709E+08
     3676.00  0.190913E+05 0.113992E+05 0.348960E+08 0.487979E+08
     3686.00  0.187955E+05 0.128902E+05 0.342587E+08 0.505145E+08
     3696.00  0.185029E+05 0.144444E+05 0.336293E+08 0.522191E+08
     3706.00  0.182136E+05 0.160575E+05 0.330080E+08 0.539101E+08
     3716.00  0.179275E+05 0.177251E+05 0.323946E+08 0.555860E+08
     3726.00  0.176445E+05 0.194433E+05 0.317892E+08 0.572454E+08
     3736.00  0.173648E+05 0.212079E+05 0.311918E+08 0.588868E+08
     3746.00  0.170883E+05 0.230152E+05 0.306023E+08 0.605091E+08
     3756.00  0.168150E+05 0.248615E+05 0.300206E+08 0.621110E+08
     3766.00  0.165448E+05 0.267431E+05 0.294468E+08 0.636914E+08
     3776.00  0.162777E+05 0.286566E+05 0.288808E+08 0.652491E+08
     3786.00  0.160139E+05 0.305987E+05 0.283226E+08 0.667832E+08
     3796.00  0.157531E+05 0.325662E+05 0.277721E+08 0.682928E+08
     3806.00  0.154954E+05 0.345559E+05 0.272293E+08 0.697768E+08
     3816.00  0.152409E+05 0.365648E+05 0.266942E+08 0.712345E+08
     3826.00  0.149894E+05 0.385902E+05 0.261667E+08 0.726651E+08
     3836.00  0.147410E+05 0.406291E+05 0.256468E+08 0.740679E+08
     3846.00  0.144957E+05 0.426791E+05 0.251344E+08 0.754422E+08
     3856.00  0.142534E+05 0.447374E+05 0.246295E+08 0.767873E+08
     3866.00  0.140141E+05 0.468016E+05 0.241320E+08 0.781028E+08
     3876.00  0.137778E+05 0.488693E+05 0.236419E+08 0.793880E+08
     3886.00  0.135445E+05 0.509384E+05 0.231592E+08 0.806425E+08
     3896.00  0.133142E+05 0.530066E+05 0.226838E+08 0.818658E+08
     3906.00  0.130868E+05 0.550718E+05 0.222155E+08 0.830576E+08
     3916.00  0.128623E+05 0.571320E+05 0.217545E+08 0.842176E+08
     3926.00  0.126407E+05 0.591853E+05 0.213005E+08 0.853453E+08
     3936.00  0.124221E+05 0.612298E+05 0.208537E+08 0.864406E+08
     3946.00  0.122063E+05 0.632640E+05 0.204138E+08 0.875032E+08
     3956.00  0.119933E+05 0.652859E+05 0.199809E+08 0.885329E+08
     3966.00  0.117832E+05 0.672941E+05 0.195549E+08 0.895295E+08
     3976.00  0.115759E+05 0.692871E+05 0.191358E+08 0.904931E+08
     3986.00  0.113714E+05 0.712634E+05 0.187234E+08 0.914233E+08
     3996.00  0.111697E+05 0.732216E+05 0.183177E+08 0.923203E+08
     4006.00  0.109707E+05 0.751604E+05 0.179187E+08 0.931839E+08
     4016.00  0.107745E+05 0.770786E+05 0.175263E+08 0.940142E+08
     4026.00  0.105809E+05 0.789749E+05 0.171404E+08 0.948111E+08
     4036.00  0.103900E+05 0.808484E+05 0.167609E+08 0.955748E+08
     4046.00  0.102018E+05 0.826978E+05 0.163879E+08 0.963053E+08
     4056.00  0.100163E+05 0.845223E+05 0.160212E+08 0.970027E+08
     4066.00  0.983332E+04 0.863209E+05 0.156608E+08 0.976671E+08
     4076.00  0.965298E+04 0.880927E+05 0.153066E+08 0.982987E+08
     4086.00  0.947520E+04 0.898369E+05 0.149585E+08 0.988977E+08
     4096.00  0.929998E+04 0.915527E+05 0.146165E+08 0.994642E+08
     4106.00  0.912728E+04 0.932394E+05 0.142805E+08 0.999985E+08
     4116.00  0.895709E+04 0.948964E+05 0.139505E+08 0.100501E+09
     4126.00  0.878939E+04 0.965229E+05 0.136263E+08 0.100971E+09
     4136.00  0.862414E+04 0.981184E+05 0.133079E+08 0.101410E+09
     4146.00  0.846133E+04 0.996825E+05 0.129953E+08 0.101818E+09
     4156.00  0.830094E+04 0.101214E+06 0.126884E+08 0.102195E+09
     4166.00  0.814294E+04 0.102714E+06 0.123871E+08 0.102541E+09
     4176.00  0.798730E+04 0.104181E+06 0.120913E+08 0.102857E+09
     4186.00  0.783400E+04 0.105614E+06 0.118010E+08 0.103143E+09
     4196.00  0.768303E+04 0.107014E+06 0.115161E+08 0.103400E+09
     4206.00  0.753435E+04 0.108380E+06 0.112365E+08 0.103627E+09
     4216.00  0.738795E+04 0.109712E+06 0.109622E+08 0.103825E+09
     4226.00  0.724380E+04 0.111009E+06 0.106932E+08 0.103995E+09
     4236.00  0.710188E+04 0.112272E+06 0.104292E+08 0.104136E+09
     4246.00  0.696215E+04 0.113500E+06 0.101704E+08 0.104250E+09
     4256.00  0.682462E+04 0.114694E+06 0.991655E+07 0.104337E+09
     4266.00  0.668923E+04 0.115852E+06 0.966765E+07 0.104396E+09
     4276.00  0.655599E+04 0.116975E+06 0.942364E+07 0.104430E+09
     4286.00  0.642485E+04 0.118064E+06 0.918443E+07 0.104437E+09
     4296.00  0.629581E+04 0.119117E+06 0.894997E+07 0.104418E+09
     4306.00  0.616882E+04 0.120135E+06 0.872019E+07 0.104375E+09
     4316.00  0.604389E+04 0.121118E+06 0.849503E+07 0.104306E+09
     4326.00  0.592096E+04 0.122066E+06 0.827442E+07 0.104214E+09
     4336.00  0.580004E+04 0.122980E+06 0.805829E+07 0.104097E+09
     4346.00  0.568109E+04 0.123858E+06 0.784659E+07 0.103957E+09
     4356.00  0.556409E+04 0.124702E+06 0.763925E+07 0.103795E+09
     4366.00  0.544902E+04 0.125511E+06 0.743620E+07 0.103609E+09
     4376.00  0.533585E+04 0.126286E+06 0.723739E+07 0.103402E+09
     4386.00  0.522456E+04 0.127026E+06 0.704274E+07 0.103173E+09
     4396.00  0.511514E+04 0.127733E+06 0.685221E+07 0.102923E+09
     4406.00  0.500755E+04 0.128405E+06 0.666572E+07 0.102653E+09
     4416.00  0.490178E+04 0.129045E+06 0.648321E+07 0.102362E+09
     4426.00  0.479781E+04 0.129650E+06 0.630463E+07 0.102052E+09
     4436.00  0.469560E+04 0.130223E+06 0.612991E+07 0.101723E+09
     4446.00  0.459515E+04 0.130763E+06 0.595899E+07 0.101374E+09
     4456.00  0.449642E+04 0.131270E+06 0.579182E+07 0.101008E+09
     4466.00  0.439940E+04 0.131746E+06 0.562832E+07 0.100624E+09
     4476.00  0.430406E+04 0.132189E+06 0.546846E+07 0.100222E+09
     4486.00  0.421039E+04 0.132600E+06 0.531215E+07 0.998037E+08
     4511.00  0.398334E+04 0.133493E+06 0.493662E+07 0.986867E+08
     4536.00  0.376621E+04 0.134196E+06 0.458211E+07 0.974741E+08
     4561.00  0.355869E+04 0.134714E+06 0.424777E+07 0.961729E+08
     4586.00  0.336046E+04 0.135054E+06 0.393274E+07 0.947901E+08
     4611.00  0.317119E+04 0.135222E+06 0.363619E+07 0.933323E+08
     4636.00  0.299059E+04 0.135224E+06 0.335732E+07 0.918061E+08
     4661.00  0.281834E+04 0.135066E+06 0.309532E+07 0.902179E+08
     4686.00  0.265416E+04 0.134756E+06 0.284945E+07 0.885739E+08
     4711.00  0.249775E+04 0.134300E+06 0.261895E+07 0.868800E+08
     4736.00  0.234883E+04 0.133705E+06 0.240311E+07 0.851422E+08
     4761.00  0.220713E+04 0.132977E+06 0.220123E+07 0.833660E+08
     4786.00  0.207237E+04 0.132124E+06 0.201264E+07 0.815569E+08
     4811.00  0.194430E+04 0.131153E+06 0.183666E+07 0.797199E+08
     4836.00  0.182264E+04 0.130069E+06 0.167269E+07 0.778601E+08
     4861.00  0.170716E+04 0.128880E+06 0.152009E+07 0.759821E+08
     4886.00  0.159761E+04 0.127592E+06 0.137830E+07 0.740906E+08
     4911.00  0.149376E+04 0.126211E+06 0.124672E+07 0.721897E+08
     4936.00  0.139536E+04 0.124745E+06 0.112483E+07 0.702835E+08
     4961.00  0.130220E+04 0.123199E+06 0.101209E+07 0.683759E+08
     4986.00  0.121407E+04 0.121579E+06 0.907995E+06 0.664705E+08
     5011.00  0.113074E+04 0.119890E+06 0.812060E+06 0.645706E+08
     5036.00  0.105201E+04 0.118140E+06 0.723817E+06 0.626795E+08
     5061.00  0.977694E+03 0.116333E+06 0.642820E+06 0.608001E+08
     5086.00  0.907587E+03 0.114475E+06 0.568638E+06 0.589353E+08
     5111.00  0.841506E+03 0.112571E+06 0.500862E+06 0.570876E+08
     5136.00  0.779272E+03 0.110625E+06 0.439099E+06 0.552594E+08
     5161.00  0.720709E+03 0.108644E+06 0.382974E+06 0.534530E+08
     5186.00  0.665649E+03 0.106631E+06 0.332128E+06 0.516704E+08
     5211.00  0.613930E+03 0.104591E+06 0.286218E+06 0.499134E+08
     5236.00  0.565395E+03 0.102529E+06 0.244921E+06 0.481838E+08
     5261.00  0.519892E+03 0.100448E+06 0.207924E+06 0.464830E+08
     5286.00  0.477275E+03 0.983524E+05 0.174933E+06 0.448126E+08
     5311.00  0.437404E+03 0.962461E+05 0.145666E+06 0.431736E+08
     5336.00  0.400142E+03 0.941326E+05 0.119857E+06 0.415672E+08
     5361.00  0.365359E+03 0.920153E+05 0.972535E+05 0.399944E+08
     5386.00  0.332929E+03 0.898974E+05 0.776146E+05 0.384559E+08
     5411.00  0.302732E+03 0.877820E+05 0.607134E+05 0.369525E+08
     5436.00  0.274651E+03 0.856720E+05 0.463349E+05 0.354848E+08
     5461.00  0.248575E+03 0.835700E+05 0.342757E+05 0.340532E+08
     5511.00  0.202013E+03 0.794003E+05 0.163587E+05 0.312997E+08
     5561.00  0.162240E+03 0.752915E+05 0.555529E+04 0.286937E+08
     5611.00  0.128517E+03 0.712599E+05 0.618877E+03 0.262358E+08
     5661.00  0.100166E+03 0.673192E+05 0.450446E+03 0.239249E+08
     5711.00  0.765678E+02 0.634814E+05 0.408595E+04 0.217592E+08
     5761.00  0.571561E+02 0.597565E+05 0.106844E+05 0.197359E+08
     5811.00  0.414168E+02 0.561524E+05 0.195168E+05 0.178513E+08
     5861.00  0.288831E+02 0.526757E+05 0.299552E+05 0.161011E+08
     5911.00  0.191324E+02 0.493311E+05 0.414629E+05 0.144807E+08
     5961.00  0.117831E+02 0.461224E+05 0.535856E+05 0.129847E+08
     6011.00  0.649194E+01 0.430517E+05 0.659420E+05 0.116077E+08
     6061.00  0.295067E+01 0.401201E+05 0.782161E+05 0.103439E+08
     6111.00  0.883680E+00 0.373279E+05 0.901502E+05 0.918754E+07
     6161.00  0.452710E-01 0.346745E+05 0.101538E+06 0.813254E+07
     6211.00  0.217211E+00 0.321582E+05 0.112216E+06 0.717298E+07
     6261.00  0.120645E+01 0.297771E+05 0.122064E+06 0.630292E+07
     6311.00  0.284298E+01 0.275284E+05 0.130992E+06 0.551651E+07
     6361.00  0.497775E+01 0.254090E+05 0.138942E+06 0.480803E+07
     6411.00  0.748085E+01 0.234152E+05 0.145878E+06 0.417192E+07
     6461.00  0.102397E+02 0.215432E+05 0.151789E+06 0.360277E+07
     6511.00  0.131572E+02 0.197886E+05 0.156678E+06 0.309540E+07
     6561.00  0.161508E+02 0.181472E+05 0.160566E+06 0.264484E+07
     6611.00  0.191503E+02 0.166143E+05 0.163483E+06 0.224636E+07
     6661.00  0.220970E+02 0.151854E+05 0.165471E+06 0.189546E+07
     6711.00  0.249425E+02 0.138556E+05 0.166578E+06 0.158789E+07
     6761.00  0.276474E+02 0.126203E+05 0.166860E+06 0.131964E+07
     6811.00  0.301804E+02 0.114747E+05 0.166372E+06 0.108696E+07
     6861.00  0.325172E+02 0.104142E+05 0.165177E+06 0.886336E+06
     6911.00  0.346399E+02 0.943405E+04 0.163336E+06 0.714493E+06
     6961.00  0.365359E+02 0.852983E+04 0.160912E+06 0.568394E+06
     7011.00  0.381976E+02 0.769706E+04 0.157966E+06 0.445227E+06
     7061.00  0.396212E+02 0.693145E+04 0.154559E+06 0.342402E+06
     7111.00  0.408066E+02 0.622884E+04 0.150750E+06 0.257536E+06
     7161.00  0.417567E+02 0.558520E+04 0.146596E+06 0.188449E+06
     7211.00  0.424768E+02 0.499666E+04 0.142151E+06 0.133150E+06
     7261.00  0.429745E+02 0.445951E+04 0.137465E+06 0.898298E+05
     7311.00  0.432588E+02 0.397020E+04 0.132588E+06 0.568479E+05
     7361.00  0.433404E+02 0.352535E+04 0.127563E+06 0.327238E+05
     7411.00  0.432307E+02 0.312174E+04 0.122433E+06 0.161264E+05
     7511.00  0.424878E+02 0.242615E+04 0.112005E+06 0.870777E+03
     7611.00  0.411345E+02 0.186091E+04 0.101571E+06 0.303263E+04
     7711.00  0.392781E+02 0.140603E+04 0.913477E+05 0.163261E+05
     7811.00  0.370243E+02 0.104387E+04 0.815036E+05 0.359477E+05
     7911.00  0.344737E+02 0.759025E+03 0.721665E+05 0.583225E+05
     8011.00  0.317195E+02 0.538135E+03 0.634263E+05 0.808794E+05
     8111.00  0.288459E+02 0.369690E+03 0.553410E+05 0.101853E+06
     8211.00  0.259275E+02 0.243858E+03 0.479415E+05 0.120112E+06
     8311.00  0.230285E+02 0.152295E+03 0.412366E+05 0.135020E+06
     8411.00  0.202034E+02 0.879792E+02 0.352174E+05 0.146306E+06
     8511.00  0.174969E+02 0.450419E+02 0.298614E+05 0.153973E+06
     8611.00  0.149447E+02 0.186191E+02 0.251357E+05 0.158210E+06
     8711.00  0.125738E+02 0.471296E+01 0.210003E+05 0.159333E+06
     8811.00  0.104035E+02 0.677719E-01 0.174106E+05 0.157730E+06
     8911.00  0.844653E+01 0.205846E+01 0.143192E+05 0.153823E+06
     9011.00  0.670923E+01 0.859196E+01 0.116782E+05 0.148042E+06
     9111.00  0.519289E+01 0.180207E+02 0.944010E+04 0.140801E+06
     9211.00  0.389424E+01 0.290671E+02 0.755904E+04 0.132485E+06
     9311.00  0.280635E+01 0.407588E+02 0.599145E+04 0.123442E+06
     9411.00  0.191921E+01 0.523722E+02 0.469660E+04 0.113976E+06
     9511.00  0.122044E+01 0.633854E+02 0.363700E+04 0.104349E+06
     9611.00  0.695822E+00 0.734379E+02 0.277850E+04 0.947756E+05
     9711.00  0.329844E+00 0.822969E+02 0.209042E+04 0.854325E+05
     9811.00  0.106150E+00 0.898296E+02 0.154541E+04 0.764563E+05
     9911.00  0.793995E-02 0.959794E+02 0.111937E+04 0.679489E+05
    10011.00  0.183273E-01 0.100748E+03 0.791303E+03 0.599823E+05
    10111.00  0.120636E+00 0.104178E+03 0.543026E+03 0.526021E+05
    10211.00  0.298656E+00 0.106343E+03 0.359000E+03 0.458323E+05
    10311.00  0.536853E+00 0.107337E+03 0.226047E+03 0.396786E+05
    10411.00  0.820539E+00 0.107267E+03 0.133114E+03 0.341324E+05
    10511.00  0.113601E+01 0.106245E+03 0.710203E+02 0.291739E+05
    10611.00  0.147065E+01 0.104386E+03 0.322302E+02 0.247746E+05
    10711.00  0.181301E+01 0.101802E+03 0.106297E+02 0.209004E+05
    10811.00  0.215282E+01 0.986045E+02 0.132492E+01 0.175133E+05
    10911.00  0.248108E+01 0.948962E+02 0.456341E+00 0.145730E+05
    11011.00  0.279002E+01 0.907749E+02 0.503242E+01 0.120385E+05
    11111.00  0.307307E+01 0.863307E+02 0.127814E+02 0.986926E+04
    11211.00  0.332488E+01 0.816460E+02 0.220213E+02 0.802590E+04
    11311.00  0.354126E+01 0.767956E+02 0.315467E+02 0.647086E+04
    11411.00  0.371911E+01 0.718465E+02 0.405317E+02 0.516891E+04
    11511.00  0.385638E+01 0.668587E+02 0.484471E+02 0.408738E+04
    11611.00  0.395197E+01 0.618848E+02 0.549919E+02 0.319639E+04
    11711.00  0.400572E+01 0.569715E+02 0.600350E+02 0.246881E+04
    11811.00  0.401824E+01 0.521586E+02 0.635688E+02 0.188034E+04
    11911.00  0.399091E+01 0.474806E+02 0.656712E+02 0.140934E+04
    12011.00  0.392573E+01 0.429666E+02 0.664758E+02 0.103674E+04
    12111.00  0.382527E+01 0.386407E+02 0.661481E+02 0.745860E+03
    12211.00  0.369259E+01 0.345228E+02 0.648684E+02 0.522255E+03
    12311.00  0.353112E+01 0.306285E+02 0.628187E+02 0.353491E+03
    12411.00  0.334460E+01 0.269698E+02 0.601733E+02 0.228963E+03
    12511.00  0.313702E+01 0.235551E+02 0.570929E+02 0.139700E+03
    12611.00  0.291248E+01 0.203900E+02 0.537205E+02 0.781772E+02
    12711.00  0.267519E+01 0.174770E+02 0.501803E+02 0.381378E+02
    12811.00  0.242935E+01 0.148164E+02 0.465763E+02 0.144307E+02
    12911.00  0.217909E+01 0.124059E+02 0.429937E+02 0.285619E+01
    13011.00  0.192845E+01 0.102413E+02 0.394995E+02 0.292770E-01
    13111.00  0.168130E+01 0.831655E+01 0.361449E+02 0.325505E+01
    13211.00  0.144126E+01 0.662406E+01 0.329664E+02 0.104186E+02
    13311.00  0.121173E+01 0.515474E+01 0.299886E+02 0.198881E+02
    13411.00  0.995787E+00 0.389827E+01 0.272255E+02 0.304295E+02
    13511.00  0.796200E+00 0.284331E+01 0.246829E+02 0.411336E+02
    13611.00  0.615388E+00 0.197765E+01 0.223602E+02 0.513530E+02
    13711.00  0.455401E+00 0.128836E+01 0.202513E+02 0.606489E+02
    13811.00  0.317916E+00 0.761978E+00 0.183468E+02 0.687459E+02
    13911.00  0.204227E+00 0.384671E+00 0.166344E+02 0.754947E+02
    14011.00  0.115244E+00 0.142358E+00 0.151002E+02 0.808409E+02
    14111.00  0.514992E-01 0.208707E-01 0.137296E+02 0.848004E+02
    14211.00  0.131529E-01 0.608787E-02 0.125076E+02 0.874381E+02
    14311.00  0.971429E-05 0.840632E-01 0.114193E+02 0.888525E+02
    14411.00  0.115348E-01 0.241146E+00 0.104503E+02 0.891625E+02
    14511.00  0.468748E-01 0.464092E+00 0.958713E+01 0.884977E+02
    14611.00  0.104881E+00 0.740166E+00 0.881696E+01 0.869912E+02
    14711.00  0.184139E+00 0.105724E+01 0.812802E+01 0.847742E+02
    14811.00  0.282991E+00 0.140386E+01 0.750953E+01 0.819716E+02
    14911.00  0.399575E+00 0.176933E+01 0.695170E+01 0.787002E+02
    15011.00  0.531850E+00 0.214378E+01 0.644572E+01 0.750667E+02
    15111.00  0.677631E+00 0.251817E+01 0.598371E+01 0.711669E+02
    15211.00  0.834623E+00 0.288439E+01 0.555872E+01 0.670858E+02
    15311.00  0.100045E+01 0.323522E+01 0.516466E+01 0.628976E+02
    15411.00  0.117270E+01 0.356441E+01 0.479620E+01 0.586657E+02
    15511.00  0.134894E+01 0.386661E+01 0.444884E+01 0.544444E+02
    15611.00  0.152675E+01 0.413741E+01 0.411876E+01 0.502789E+02
    15711.00  0.170376E+01 0.437330E+01 0.380285E+01 0.462065E+02
    15811.00  0.187769E+01 0.457166E+01 0.349865E+01 0.422573E+02
    15911.00  0.204634E+01 0.473069E+01 0.320431E+01 0.384552E+02
    16011.00  0.220764E+01 0.484941E+01 0.291854E+01 0.348187E+02
    16111.00  0.235967E+01 0.492755E+01 0.264062E+01 0.313617E+02
    16211.00  0.250067E+01 0.496555E+01 0.237033E+01 0.280938E+02
    16311.00  0.262906E+01 0.496445E+01 0.210788E+01 0.250216E+02
    16411.00  0.274344E+01 0.492586E+01 0.185392E+01 0.221486E+02
    16511.00  0.284263E+01 0.485189E+01 0.160943E+01 0.194761E+02
    16611.00  0.292566E+01 0.474502E+01 0.137571E+01 0.170032E+02
    16711.00  0.299176E+01 0.460811E+01 0.115430E+01 0.147278E+02
    16811.00  0.304040E+01 0.444429E+01 0.946916E+00 0.126461E+02
    16911.00  0.307124E+01 0.425687E+01 0.755393E+00 0.107533E+02
    17011.00  0.308417E+01 0.404933E+01 0.581613E+00 0.904388E+01
    17111.00  0.307929E+01 0.382521E+01 0.427441E+00 0.751140E+01
    17211.00  0.305691E+01 0.358806E+01 0.294662E+00 0.614887E+01
    17311.00  0.301750E+01 0.334140E+01 0.184918E+00 0.494880E+01
    17411.00  0.296176E+01 0.308864E+01 0.996525E-01 0.390329E+01
    17511.00  0.289051E+01 0.283306E+01 0.400539E-01 0.300404E+01
    17611.00  0.280476E+01 0.257776E+01 0.701538E-02 0.224249E+01
    17711.00  0.270563E+01 0.232564E+01 0.109330E-02 0.160979E+01
    17811.00  0.259439E+01 0.207935E+01 0.224783E-01 0.109690E+01
    17911.00  0.247239E+01 0.184126E+01 0.709741E-01 0.694599E+00
    18011.00  0.234108E+01 0.161349E+01 0.145986E+00 0.393542E+00
    18111.00  0.220198E+01 0.139785E+01 0.246516E+00 0.184298E+00
    18211.00  0.205664E+01 0.119585E+01 0.371174E+00 0.574051E-01
    18311.00  0.190667E+01 0.100870E+01 0.518188E+00 0.341775E-02
    18411.00  0.175368E+01 0.837329E+00 0.685433E+00 0.129634E-01
    18511.00  0.159926E+01 0.682362E+00 0.870457E+00 0.768027E-01
    18611.00  0.144501E+01 0.544158E+00 0.107053E+01 0.185892E+00
    18711.00  0.129247E+01 0.422811E+00 0.128266E+01 0.331447E+00
    18811.00  0.114313E+01 0.318173E+00 0.150370E+01 0.505012E+00
    18911.00  0.998412E+00 0.229874E+00 0.173033E+01 0.698523E+00
    19011.00  0.859674E+00 0.157345E+00 0.195918E+01 0.904375E+00
    19111.00  0.728163E+00 0.998393E-01 0.218681E+01 0.111548E+01
    19311.00  0.491315E+00 0.261796E-01 0.262499E+01 0.152802E+01
    19511.00  0.295690E+00 0.347445E-03 0.301915E+01 0.189183E+01
    19711.00  0.147109E+00 0.125671E-01 0.334657E+01 0.217377E+01
    19911.00  0.492624E-01 0.525868E-01 0.358894E+01 0.235255E+01
    20111.00  0.367650E-02 0.110349E+00 0.373338E+01 0.241863E+01
    20311.00  0.976348E-02 0.176552E+00 0.377310E+01 0.237342E+01
    20511.00  0.649526E-01 0.243079E+00 0.370760E+01 0.222787E+01
    20711.00  0.164891E+00 0.303303E+00 0.354250E+01 0.200043E+01
    20911.00  0.303698E+00 0.352248E+00 0.328886E+01 0.171468E+01
    21111.00  0.474274E+00 0.386635E+00 0.296240E+01 0.139678E+01
    21311.00  0.668617E+00 0.404810E+00 0.258227E+01 0.107290E+01
    21511.00  0.878179E+00 0.406600E+00 0.216980E+01 0.766986E+00
    21711.00  0.109421E+01 0.393083E+00 0.174714E+01 0.498873E+00
    21911.00  0.130808E+01 0.366326E+00 0.133596E+01 0.282954E+00
    22111.00  0.151161E+01 0.329102E+00 0.956255E+00 0.127497E+00
    22311.00  0.169732E+01 0.284596E+00 0.625268E+00 0.345603E-01
    22511.00  0.185871E+01 0.236137E+00 0.356726E+00 0.498656E-03
    22711.00  0.199039E+01 0.186949E+00 0.160253E+00 0.169411E-01
    22911.00  0.208826E+01 0.139954E+00 0.410868E-01 0.721075E-01
    23111.00  0.214960E+01 0.976105E-01 0.509628E-04 0.152306E+00
    23311.00  0.217305E+01 0.618107E-01 0.337682E-01 0.243446E+00
    23511.00  0.215865E+01 0.338198E-01 0.135095E+00 0.332430E+00
    23711.00  0.210773E+01 0.142665E-01 0.293729E+00 0.408278E+00
    23911.00  0.202286E+01 0.317303E-02 0.496953E+00 0.462936E+00
    24111.00  0.190760E+01 0.196363E-04 0.730447E+00 0.491677E+00
    24311.00  0.176646E+01 0.383508E-02 0.979148E+00 0.493157E+00
    24511.00  0.160460E+01 0.133052E-01 0.122808E+01 0.469092E+00
    24711.00  0.142768E+01 0.268908E-01 0.146313E+01 0.423691E+00
    24911.00  0.124164E+01 0.429471E-01 0.167172E+01 0.362884E+00
    25111.00  0.105245E+01 0.598375E-01 0.184339E+01 0.293478E+00
    25311.00  0.865974E+00 0.760357E-01 0.197018E+01 0.222323E+00
    25511.00  0.687729E+00 0.902119E-01 0.204687E+01 0.155569E+00
    25711.00  0.522747E+00 0.101299E+00 0.207112E+01 0.981005E-01
    25911.00  0.375417E+00 0.108539E+00 0.204336E+01 0.531656E-01
    26111.00  0.249389E+00 0.111505E+00 0.196666E+01 0.222367E-01
    26311.00  0.147476E+00 0.110103E+00 0.184632E+01 0.507838E-02
    26511.00  0.716122E-01 0.104557E+00 0.168953E+01 0.637802E-06
    26711.00  0.228260E-01 0.953728E-01 0.150485E+01 0.424412E-02
    26911.00  0.125283E-02 0.832907E-01 0.130171E+01 0.144434E-01
         IE==>      4            5
        1.00  0.000000E+00 0.000000E+00
        2.00  0.000000E+00 0.000000E+00
        3.00  0.000000E+00 0.000000E+00
        4.00  0.000000E+00 0.000000E+00
        5.00  0.000000E+00 0.000000E+00
        6.00  0.000000E+00 0.000000E+00
        7.00  0.000000E+00 0.000000E+00
        8.00  0.000000E+00 0.000000E+00
        9.00  0.000000E+00 0.126155E-36
       10.00  0.000000E+00 0.133815E-35
       11.00  0.905578E-37 0.113220E-34
       12.00  0.645143E-36 0.794841E-34
       13.00  0.392737E-35 0.477053E-33
       14.00  0.209112E-34 0.250545E-32
       15.00  0.991992E-34 0.117286E-31
       16.00  0.425555E-33 0.496709E-31
       17.00  0.167114E-32 0.192635E-30
       18.00  0.606824E-32 0.691061E-30
       19.00  0.205484E-31 0.231266E-29
       20.00  0.653529E-31 0.727143E-29
       21.00  0.196417E-30 0.216115E-28
       22.00  0.560791E-30 0.610359E-28
       23.00  0.152796E-29 0.164547E-27
       24.00  0.398874E-29 0.425131E-27
       25.00  0.100113E-28 0.105631E-26
       26.00  0.242331E-28 0.253177E-26
       27.00  0.567257E-28 0.586957E-26
       28.00  0.128724E-27 0.131944E-25
       29.00  0.283787E-27 0.288212E-25
       30.00  0.609017E-27 0.612944E-25
       31.00  0.127449E-26 0.127139E-24
       32.00  0.260498E-26 0.257617E-24
       33.00  0.520792E-26 0.510662E-24
       34.00  0.101974E-25 0.991577E-24
       35.00  0.195795E-25 0.188831E-23
       36.00  0.369047E-25 0.353060E-23
       37.00  0.683544E-25 0.648772E-23
       38.00  0.124527E-24 0.117275E-22
       39.00  0.223329E-24 0.208716E-22
       40.00  0.394597E-24 0.366008E-22
       42.00  0.118145E-23 0.107982E-21
       44.00  0.335996E-23 0.302734E-21
       46.00  0.911801E-23 0.810198E-21
       48.00  0.237052E-22 0.207808E-20
       50.00  0.592494E-22 0.512603E-20
       52.00  0.142812E-21 0.121978E-19
       54.00  0.332868E-21 0.280762E-19
       56.00  0.752090E-21 0.626627E-19
       58.00  0.165084E-20 0.135904E-18
       60.00  0.352718E-20 0.286979E-18
       62.00  0.734868E-20 0.591053E-18
       64.00  0.149535E-19 0.118919E-17
       66.00  0.297619E-19 0.234071E-17
       68.00  0.580143E-19 0.451323E-17
       70.00  0.110890E-18 0.853469E-17
       72.00  0.208071E-18 0.158462E-16
       74.00  0.383648E-18 0.289159E-16
       76.00  0.695763E-18 0.519066E-16
       78.00  0.124214E-17 0.917389E-16
       80.00  0.218479E-17 0.159761E-15
       82.00  0.378872E-17 0.274343E-15
       84.00  0.648216E-17 0.464852E-15
       86.00  0.109488E-16 0.777690E-15
       88.00  0.182679E-16 0.128536E-14
       90.00  0.301251E-16 0.209994E-14
       92.00  0.491257E-16 0.339292E-14
       94.00  0.792573E-16 0.542418E-14
       96.00  0.126566E-15 0.858387E-14
       98.00  0.200136E-15 0.134525E-13
      100.00  0.313501E-15 0.208865E-13
      102.00  0.486653E-15 0.321389E-13
      104.00  0.748896E-15 0.490288E-13
      106.00  0.114285E-14 0.741773E-13
      108.00  0.173004E-14 0.111333E-12
      110.00  0.259869E-14 0.165820E-12
      112.00  0.387439E-14 0.245149E-12
      114.00  0.573480E-14 0.359848E-12
      116.00  0.842965E-14 0.524578E-12
      118.00  0.123078E-13 0.759637E-12
      122.00  0.257361E-13 0.156278E-11
      126.00  0.525218E-13 0.313846E-11
      130.00  0.104769E-12 0.616196E-11
      134.00  0.204563E-12 0.118441E-10
      138.00  0.391445E-12 0.223159E-10
      142.00  0.734970E-12 0.412622E-10
      146.00  0.135545E-11 0.749500E-10
      150.00  0.245773E-11 0.133872E-09
      154.00  0.438539E-11 0.235339E-09
      158.00  0.770667E-11 0.407507E-09
      162.00  0.133487E-10 0.695576E-09
      166.00  0.228053E-10 0.117118E-08
      170.00  0.384539E-10 0.194654E-08
      174.00  0.640356E-10 0.319537E-08
      178.00  0.105373E-09 0.518377E-08
      182.00  0.171433E-09 0.831512E-08
      186.00  0.275887E-09 0.131948E-07
      190.00  0.439385E-09 0.207228E-07
      194.00  0.692825E-09 0.322249E-07
      198.00  0.108204E-08 0.496375E-07
      202.00  0.167445E-08 0.757648E-07
      206.00  0.256844E-08 0.114636E-06
      210.00  0.390644E-08 0.171996E-06
      214.00  0.589318E-08 0.255976E-06
      218.00  0.882081E-08 0.378002E-06
      222.00  0.131034E-07 0.554025E-06
      226.00  0.193237E-07 0.806159E-06
      230.00  0.282972E-07 0.116487E-05
      234.00  0.411573E-07 0.167189E-05
      238.00  0.594706E-07 0.238402E-05
      242.00  0.853897E-07 0.337814E-05
      246.00  0.121856E-06 0.475776E-05
      250.00  0.172868E-06 0.666146E-05
      254.00  0.243832E-06 0.927389E-05
      258.00  0.342023E-06 0.128398E-04
      262.00  0.477180E-06 0.176820E-04
      266.00  0.662287E-06 0.242246E-04
      270.00  0.914562E-06 0.330215E-04
      274.00  0.125675E-05 0.447940E-04
      282.00  0.233978E-05 0.812745E-04
      290.00  0.427851E-05 0.144852E-03
      298.00  0.769190E-05 0.253838E-03
      306.00  0.136082E-04 0.437772E-03
      314.00  0.237115E-04 0.743641E-03
      322.00  0.407238E-04 0.124519E-02
      330.00  0.689892E-04 0.205672E-02
      338.00  0.115358E-03 0.335327E-02
      346.00  0.190513E-03 0.539992E-02
      354.00  0.310932E-03 0.859375E-02
      362.00  0.501769E-03 0.135234E-01
      370.00  0.801055E-03 0.210532E-01
      378.00  0.126575E-02 0.324399E-01
      386.00  0.198039E-02 0.494950E-01
      394.00  0.306942E-02 0.748074E-01
      402.00  0.471453E-02 0.112047E+00
      410.00  0.717890E-02 0.166374E+00
      418.00  0.108409E-01 0.244991E+00
      426.00  0.162408E-01 0.357878E+00
      434.00  0.241443E-01 0.518767E+00
      442.00  0.356304E-01 0.746431E+00
      450.00  0.522090E-01 0.106637E+01
      458.00  0.759813E-01 0.151300E+01
      466.00  0.109854E+00 0.213251E+01
      474.00  0.157823E+00 0.298653E+01
      482.00  0.225360E+00 0.415680E+01
      490.00  0.319908E+00 0.575125E+01
      498.00  0.451552E+00 0.791160E+01
      506.00  0.633886E+00 0.108230E+02
      514.00  0.885153E+00 0.147264E+02
      522.00  0.122972E+01 0.199335E+02
      530.00  0.170002E+01 0.268460E+02
      538.00  0.233898E+01 0.359796E+02
      546.00  0.320331E+01 0.479930E+02
      554.00  0.436754E+01 0.637251E+02
      562.00  0.592930E+01 0.842392E+02
      570.00  0.801606E+01 0.110879E+03
      578.00  0.107937E+02 0.145334E+03
      586.00  0.144772E+02 0.189726E+03
      596.00  0.207864E+02 0.263286E+03
      606.00  0.296769E+02 0.363209E+03
      616.00  0.421408E+02 0.498201E+03
      626.00  0.595287E+02 0.679614E+03
      636.00  0.836725E+02 0.922175E+03
      646.00  0.117047E+03 0.124491E+04
      656.00  0.162984E+03 0.167231E+04
      666.00  0.225953E+03 0.223573E+04
      676.00  0.311934E+03 0.297525E+04
      686.00  0.428903E+03 0.394180E+04
      696.00  0.587465E+03 0.519999E+04
      706.00  0.801690E+03 0.683140E+04
      716.00  0.109020E+04 0.893879E+04
      726.00  0.147757E+04 0.116512E+05
      736.00  0.199623E+04 0.151300E+05
      746.00  0.268879E+04 0.195771E+05
      756.00  0.361128E+04 0.252434E+05
      766.00  0.483713E+04 0.324410E+05
      776.00  0.646257E+04 0.415565E+05
      786.00  0.861353E+04 0.530680E+05
      796.00  0.114547E+05 0.675657E+05
      806.00  0.152013E+05 0.857766E+05
      816.00  0.201347E+05 0.108595E+06
      826.00  0.266221E+05 0.137120E+06
      836.00  0.351438E+05 0.172699E+06
      846.00  0.463271E+05 0.216982E+06
      856.00  0.609929E+05 0.271989E+06
      866.00  0.802159E+05 0.340194E+06
      876.00  0.105405E+06 0.424620E+06
      886.00  0.138412E+06 0.528963E+06
      896.00  0.181670E+06 0.657745E+06
      906.00  0.238393E+06 0.816496E+06
      916.00  0.312828E+06 0.101199E+07
      926.00  0.410616E+06 0.125253E+07
      936.00  0.539270E+06 0.154832E+07
      946.00  0.708847E+06 0.191192E+07
      956.00  0.932871E+06 0.235883E+07
      966.00  0.122964E+07 0.290828E+07
      976.00  0.162408E+07 0.358418E+07
      986.00  0.215038E+07 0.441645E+07
      996.00  0.285586E+07 0.544281E+07
     1006.00  0.380665E+07 0.671112E+07
     1016.00  0.509623E+07 0.828272E+07
     1026.00  0.685842E+07 0.102371E+08
     1036.00  0.928767E+07 0.126789E+08
     1046.00  0.126714E+08 0.157474E+08
     1056.00  0.174429E+08 0.196327E+08
     1066.00  0.242713E+08 0.245995E+08
     1076.00  0.342181E+08 0.310271E+08
     1086.00  0.490251E+08 0.394784E+08
     1096.00  0.716672E+08 0.508231E+08
     1106.00  0.107483E+09 0.664772E+08
     1116.00  0.166676E+09 0.888980E+08
     1126.00  0.270385E+09 0.122721E+09
     1136.00  0.467480E+09 0.177715E+09
     1146.00  0.889900E+09 0.277951E+09
     1156.00  0.199054E+10 0.498790E+09
     1166.00  0.616435E+10 0.120236E+10
     1176.00  0.534899E+11 0.780658E+10
     1186.00  0.113142E+12 0.117077E+11
     1196.00  0.116045E+11 0.787796E+09
     1206.00  0.461382E+10 0.181969E+09
     1216.00  0.265920E+10 0.490066E+08
     1226.00  0.182892E+10 0.947335E+07
     1236.00  0.139489E+10 0.719927E+05
     1246.00  0.113838E+10 0.391853E+07
     1256.00  0.974356E+09 0.153860E+08
     1266.00  0.863849E+09 0.324665E+08
     1276.00  0.786825E+09 0.545718E+08
     1286.00  0.732072E+09 0.817763E+08
     1296.00  0.692892E+09 0.114525E+09
     1306.00  0.665072E+09 0.153517E+09
     1316.00  0.645851E+09 0.199656E+09
     1326.00  0.633356E+09 0.254046E+09
     1336.00  0.626282E+09 0.317991E+09
     1346.00  0.623698E+09 0.393021E+09
     1356.00  0.624929E+09 0.480914E+09
     1366.00  0.629475E+09 0.583734E+09
     1376.00  0.636964E+09 0.703869E+09
     1386.00  0.647113E+09 0.844085E+09
     1396.00  0.659708E+09 0.100758E+10
     1406.00  0.674584E+09 0.119807E+10
     1416.00  0.691612E+09 0.141982E+10
     1426.00  0.710690E+09 0.167780E+10
     1436.00  0.731735E+09 0.197774E+10
     1446.00  0.754674E+09 0.232631E+10
     1456.00  0.779445E+09 0.273118E+10
     1466.00  0.805984E+09 0.320129E+10
     1476.00  0.834227E+09 0.374695E+10
     1486.00  0.864102E+09 0.438014E+10
     1496.00  0.895523E+09 0.511473E+10
     1506.00  0.928391E+09 0.596677E+10
     1516.00  0.962580E+09 0.695488E+10
     1526.00  0.997936E+09 0.810059E+10
     1536.00  0.103427E+10 0.942878E+10
     1546.00  0.107134E+10 0.109682E+11
     1556.00  0.110886E+10 0.127520E+11
     1566.00  0.114647E+10 0.148182E+11
     1576.00  0.118375E+10 0.172104E+11
     1586.00  0.122016E+10 0.199786E+11
     1596.00  0.125509E+10 0.231791E+11
     1606.00  0.128779E+10 0.268756E+11
     1616.00  0.131739E+10 0.311389E+11
     1626.00  0.134286E+10 0.360472E+11
     1636.00  0.136303E+10 0.416849E+11
     1646.00  0.137659E+10 0.481413E+11
     1656.00  0.138207E+10 0.555081E+11
     1666.00  0.137789E+10 0.638747E+11
     1676.00  0.136243E+10 0.733225E+11
     1686.00  0.133408E+10 0.839167E+11
     1696.00  0.129138E+10 0.956951E+11
     1706.00  0.123320E+10 0.108656E+12
     1716.00  0.115889E+10 0.122744E+12
     1726.00  0.106855E+10 0.137837E+12
     1736.00  0.963249E+09 0.153735E+12
     1746.00  0.845188E+09 0.170155E+12
     1756.00  0.717788E+09 0.186739E+12
     1766.00  0.585646E+09 0.203065E+12
     1776.00  0.454305E+09 0.218682E+12
     1786.00  0.329860E+09 0.233140E+12
     1796.00  0.218459E+09 0.246037E+12
     1806.00  0.125756E+09 0.257052E+12
     1816.00  0.564332E+08 0.265970E+12
     1826.00  0.138721E+08 0.272697E+12
     1836.00  0.102833E+05 0.277254E+12
     1846.00  0.153885E+08 0.279755E+12
     1856.00  0.593416E+08 0.280391E+12
     1866.00  0.130276E+09 0.279394E+12
     1876.00  0.225971E+09 0.277018E+12
     1886.00  0.343859E+09 0.273516E+12
     1896.00  0.481258E+09 0.269124E+12
     1906.00  0.635539E+09 0.264056E+12
     1916.00  0.804245E+09 0.258496E+12
     1926.00  0.985148E+09 0.252599E+12
     1936.00  0.117628E+10 0.246492E+12
     1946.00  0.137595E+10 0.240275E+12
     1956.00  0.158269E+10 0.234028E+12
     1966.00  0.179527E+10 0.227810E+12
     1976.00  0.201265E+10 0.221667E+12
     1986.00  0.223396E+10 0.215631E+12
     1996.00  0.245846E+10 0.209722E+12
     2006.00  0.268553E+10 0.203958E+12
     2016.00  0.291465E+10 0.198344E+12
     2026.00  0.314537E+10 0.192886E+12
     2036.00  0.337729E+10 0.187584E+12
     2046.00  0.361006E+10 0.182436E+12
     2056.00  0.384337E+10 0.177438E+12
     2066.00  0.407694E+10 0.172586E+12
     2076.00  0.431051E+10 0.167873E+12
     2086.00  0.454382E+10 0.163293E+12
     2096.00  0.477665E+10 0.158840E+12
     2106.00  0.500876E+10 0.154508E+12
     2116.00  0.523994E+10 0.150290E+12
     2126.00  0.546997E+10 0.146181E+12
     2136.00  0.569864E+10 0.142174E+12
     2146.00  0.592574E+10 0.138265E+12
     2156.00  0.615105E+10 0.134448E+12
     2166.00  0.637438E+10 0.130719E+12
     2176.00  0.659552E+10 0.127074E+12
     2186.00  0.681427E+10 0.123508E+12
     2196.00  0.703043E+10 0.120018E+12
     2206.00  0.724380E+10 0.116601E+12
     2216.00  0.745420E+10 0.113253E+12
     2226.00  0.766144E+10 0.109973E+12
     2236.00  0.786534E+10 0.106758E+12
     2246.00  0.806571E+10 0.103606E+12
     2256.00  0.826238E+10 0.100515E+12
     2266.00  0.845520E+10 0.974828E+11
     2276.00  0.864399E+10 0.945088E+11
     2286.00  0.882860E+10 0.915917E+11
     2296.00  0.900890E+10 0.887302E+11
     2306.00  0.918473E+10 0.859234E+11
     2316.00  0.935597E+10 0.831706E+11
     2326.00  0.952250E+10 0.804710E+11
     2336.00  0.968421E+10 0.778240E+11
     2346.00  0.984098E+10 0.752292E+11
     2356.00  0.999271E+10 0.726860E+11
     2366.00  0.101393E+11 0.701941E+11
     2376.00  0.102807E+11 0.677532E+11
     2386.00  0.104168E+11 0.653628E+11
     2396.00  0.105476E+11 0.630229E+11
     2406.00  0.106730E+11 0.607331E+11
     2416.00  0.107929E+11 0.584932E+11
     2426.00  0.109073E+11 0.563031E+11
     2436.00  0.110162E+11 0.541625E+11
     2446.00  0.111196E+11 0.520713E+11
     2456.00  0.112174E+11 0.500292E+11
     2466.00  0.113096E+11 0.480361E+11
     2476.00  0.113963E+11 0.460916E+11
     2486.00  0.114774E+11 0.441957E+11
     2496.00  0.115529E+11 0.423481E+11
     2506.00  0.116229E+11 0.405484E+11
     2516.00  0.116874E+11 0.387965E+11
     2526.00  0.117464E+11 0.370920E+11
     2536.00  0.118000E+11 0.354346E+11
     2546.00  0.118482E+11 0.338239E+11
     2556.00  0.118911E+11 0.322597E+11
     2566.00  0.119287E+11 0.307415E+11
     2576.00  0.119611E+11 0.292689E+11
     2586.00  0.119883E+11 0.278414E+11
     2596.00  0.120104E+11 0.264586E+11
     2606.00  0.120275E+11 0.251200E+11
     2616.00  0.120396E+11 0.238252E+11
     2626.00  0.120469E+11 0.225735E+11
     2636.00  0.120494E+11 0.213644E+11
     2646.00  0.120472E+11 0.201974E+11
     2656.00  0.120405E+11 0.190718E+11
     2666.00  0.120292E+11 0.179871E+11
     2676.00  0.120135E+11 0.169427E+11
     2686.00  0.119934E+11 0.159378E+11
     2696.00  0.119692E+11 0.149719E+11
     2706.00  0.119408E+11 0.140442E+11
     2716.00  0.119083E+11 0.131541E+11
     2726.00  0.118720E+11 0.123010E+11
     2736.00  0.118318E+11 0.114840E+11
     2746.00  0.117879E+11 0.107024E+11
     2756.00  0.117403E+11 0.995567E+10
     2766.00  0.116892E+11 0.924292E+10
     2776.00  0.116347E+11 0.856347E+10
     2786.00  0.115769E+11 0.791656E+10
     2796.00  0.115159E+11 0.730147E+10
     2806.00  0.114518E+11 0.671743E+10
     2816.00  0.113847E+11 0.616369E+10
     2826.00  0.113147E+11 0.563952E+10
     2836.00  0.112419E+11 0.514415E+10
     2846.00  0.111663E+11 0.467683E+10
     2856.00  0.110882E+11 0.423682E+10
     2866.00  0.110077E+11 0.382337E+10
     2876.00  0.109247E+11 0.343572E+10
     2886.00  0.108394E+11 0.307315E+10
     2896.00  0.107520E+11 0.273492E+10
     2906.00  0.106625E+11 0.242028E+10
     2916.00  0.105709E+11 0.212851E+10
     2926.00  0.104775E+11 0.185890E+10
     2936.00  0.103823E+11 0.161073E+10
     2946.00  0.102854E+11 0.138328E+10
     2956.00  0.101868E+11 0.117586E+10
     2966.00  0.100867E+11 0.987783E+09
     2976.00  0.998521E+10 0.818358E+09
     2986.00  0.988235E+10 0.666912E+09
     2996.00  0.977821E+10 0.532782E+09
     3006.00  0.967290E+10 0.415310E+09
     3016.00  0.956649E+10 0.313853E+09
     3026.00  0.945906E+10 0.227774E+09
     3036.00  0.935069E+10 0.156450E+09
     3046.00  0.924147E+10 0.992645E+08
     3056.00  0.913147E+10 0.556163E+08
     3066.00  0.902075E+10 0.249131E+08
     3076.00  0.890940E+10 0.657427E+07
     3086.00  0.879749E+10 0.308741E+05
     3096.00  0.868508E+10 0.472544E+07
     3106.00  0.857224E+10 0.201122E+08
     3116.00  0.845905E+10 0.456573E+08
     3126.00  0.834556E+10 0.808385E+08
     3136.00  0.823184E+10 0.125146E+09
     3146.00  0.811796E+10 0.178081E+09
     3156.00  0.800396E+10 0.239158E+09
     3166.00  0.788992E+10 0.307903E+09
     3176.00  0.777588E+10 0.383853E+09
     3186.00  0.766190E+10 0.466559E+09
     3196.00  0.754804E+10 0.555582E+09
     3206.00  0.743435E+10 0.650495E+09
     3216.00  0.732087E+10 0.750885E+09
     3226.00  0.720766E+10 0.856349E+09
     3236.00  0.709476E+10 0.966495E+09
     3246.00  0.698223E+10 0.108095E+10
     3256.00  0.687010E+10 0.119933E+10
     3266.00  0.675841E+10 0.132130E+10
     3276.00  0.664721E+10 0.144650E+10
     3286.00  0.653654E+10 0.157460E+10
     3296.00  0.642644E+10 0.170528E+10
     3306.00  0.631694E+10 0.183823E+10
     3316.00  0.620808E+10 0.197314E+10
     3326.00  0.609988E+10 0.210972E+10
     3336.00  0.599239E+10 0.224771E+10
     3346.00  0.588564E+10 0.238681E+10
     3356.00  0.577965E+10 0.252679E+10
     3366.00  0.567445E+10 0.266738E+10
     3376.00  0.557008E+10 0.280835E+10
     3386.00  0.546654E+10 0.294947E+10
     3396.00  0.536389E+10 0.309051E+10
     3406.00  0.526212E+10 0.323128E+10
     3416.00  0.516127E+10 0.337156E+10
     3426.00  0.506136E+10 0.351116E+10
     3436.00  0.496241E+10 0.364990E+10
     3446.00  0.486443E+10 0.378761E+10
     3456.00  0.476745E+10 0.392411E+10
     3466.00  0.467147E+10 0.405925E+10
     3476.00  0.457653E+10 0.419288E+10
     3486.00  0.448262E+10 0.432485E+10
     3496.00  0.438977E+10 0.445504E+10
     3506.00  0.429799E+10 0.458330E+10
     3516.00  0.420728E+10 0.470954E+10
     3526.00  0.411766E+10 0.483362E+10
     3536.00  0.402914E+10 0.495545E+10
     3546.00  0.394173E+10 0.507492E+10
     3556.00  0.385544E+10 0.519195E+10
     3566.00  0.377027E+10 0.530645E+10
     3576.00  0.368623E+10 0.541833E+10
     3586.00  0.360333E+10 0.552753E+10
     3596.00  0.352156E+10 0.563398E+10
     3606.00  0.344094E+10 0.573761E+10
     3616.00  0.336147E+10 0.583837E+10
     3626.00  0.328314E+10 0.593621E+10
     3636.00  0.320597E+10 0.603109E+10
     3646.00  0.312995E+10 0.612295E+10
     3656.00  0.305508E+10 0.621177E+10
     3666.00  0.298136E+10 0.629751E+10
     3676.00  0.290880E+10 0.638015E+10
     3686.00  0.283739E+10 0.645967E+10
     3696.00  0.276713E+10 0.653604E+10
     3706.00  0.269801E+10 0.660926E+10
     3716.00  0.263004E+10 0.667931E+10
     3726.00  0.256320E+10 0.674619E+10
     3736.00  0.249751E+10 0.680989E+10
     3746.00  0.243294E+10 0.687042E+10
     3756.00  0.236950E+10 0.692778E+10
     3766.00  0.230718E+10 0.698197E+10
     3776.00  0.224597E+10 0.703301E+10
     3786.00  0.218587E+10 0.708091E+10
     3796.00  0.212688E+10 0.712568E+10
     3806.00  0.206898E+10 0.716735E+10
     3816.00  0.201217E+10 0.720594E+10
     3826.00  0.195643E+10 0.724147E+10
     3836.00  0.190177E+10 0.727396E+10
     3846.00  0.184817E+10 0.730345E+10
     3856.00  0.179563E+10 0.732996E+10
     3866.00  0.174413E+10 0.735353E+10
     3876.00  0.169367E+10 0.737419E+10
     3886.00  0.164424E+10 0.739198E+10
     3896.00  0.159582E+10 0.740694E+10
     3906.00  0.154841E+10 0.741909E+10
     3916.00  0.150200E+10 0.742850E+10
     3926.00  0.145658E+10 0.743519E+10
     3936.00  0.141213E+10 0.743920E+10
     3946.00  0.136865E+10 0.744060E+10
     3956.00  0.132612E+10 0.743941E+10
     3966.00  0.128454E+10 0.743570E+10
     3976.00  0.124389E+10 0.742949E+10
     3986.00  0.120416E+10 0.742085E+10
     3996.00  0.116535E+10 0.740983E+10
     4006.00  0.112743E+10 0.739646E+10
     4016.00  0.109040E+10 0.738081E+10
     4026.00  0.105424E+10 0.736292E+10
     4036.00  0.101895E+10 0.734284E+10
     4046.00  0.984514E+09 0.732063E+10
     4056.00  0.950916E+09 0.729633E+10
     4066.00  0.918146E+09 0.727001E+10
     4076.00  0.886191E+09 0.724171E+10
     4086.00  0.855041E+09 0.721148E+10
     4096.00  0.824684E+09 0.717938E+10
     4106.00  0.795106E+09 0.714547E+10
     4116.00  0.766296E+09 0.710979E+10
     4126.00  0.738242E+09 0.707239E+10
     4136.00  0.710932E+09 0.703334E+10
     4146.00  0.684354E+09 0.699267E+10
     4156.00  0.658496E+09 0.695046E+10
     4166.00  0.633345E+09 0.690674E+10
     4176.00  0.608889E+09 0.686156E+10
     4186.00  0.585117E+09 0.681499E+10
     4196.00  0.562017E+09 0.676707E+10
     4206.00  0.539576E+09 0.671785E+10
     4216.00  0.517783E+09 0.666738E+10
     4226.00  0.496627E+09 0.661572E+10
     4236.00  0.476095E+09 0.656291E+10
     4246.00  0.456175E+09 0.650900E+10
     4256.00  0.436857E+09 0.645404E+10
     4266.00  0.418128E+09 0.639808E+10
     4276.00  0.399978E+09 0.634117E+10
     4286.00  0.382395E+09 0.628335E+10
     4296.00  0.365367E+09 0.622467E+10
     4306.00  0.348883E+09 0.616518E+10
     4316.00  0.332932E+09 0.610492E+10
     4326.00  0.317504E+09 0.604394E+10
     4336.00  0.302588E+09 0.598227E+10
     4346.00  0.288171E+09 0.591997E+10
     4356.00  0.274245E+09 0.585707E+10
     4366.00  0.260798E+09 0.579362E+10
     4376.00  0.247819E+09 0.572966E+10
     4386.00  0.235299E+09 0.566523E+10
     4396.00  0.223227E+09 0.560036E+10
     4406.00  0.211593E+09 0.553511E+10
     4416.00  0.200387E+09 0.546950E+10
     4426.00  0.189599E+09 0.540357E+10
     4436.00  0.179219E+09 0.533736E+10
     4446.00  0.169237E+09 0.527091E+10
     4456.00  0.159645E+09 0.520424E+10
     4466.00  0.150432E+09 0.513741E+10
     4476.00  0.141589E+09 0.507043E+10
     4486.00  0.133107E+09 0.500334E+10
     4511.00  0.113422E+09 0.483534E+10
     4536.00  0.957989E+08 0.466734E+10
     4561.00  0.801041E+08 0.449978E+10
     4586.00  0.662095E+08 0.433309E+10
     4611.00  0.539921E+08 0.416764E+10
     4636.00  0.433336E+08 0.400379E+10
     4661.00  0.341212E+08 0.384189E+10
     4686.00  0.262466E+08 0.368223E+10
     4711.00  0.196067E+08 0.352508E+10
     4736.00  0.141032E+08 0.337071E+10
     4761.00  0.964258E+07 0.321933E+10
     4786.00  0.613601E+07 0.307115E+10
     4811.00  0.349920E+07 0.292635E+10
     4836.00  0.165241E+07 0.278508E+10
     4861.00  0.520242E+06 0.264747E+10
     4886.00  0.315813E+05 0.251364E+10
     4911.00  0.119441E+06 0.238369E+10
     4936.00  0.720851E+06 0.225769E+10
     4961.00  0.177672E+07 0.213570E+10
     4986.00  0.323172E+07 0.201776E+10
     5011.00  0.503414E+07 0.190390E+10
     5036.00  0.713572E+07 0.179414E+10
     5061.00  0.949160E+07 0.168847E+10
     5086.00  0.120601E+08 0.158689E+10
     5111.00  0.148026E+08 0.148937E+10
     5136.00  0.176835E+08 0.139587E+10
     5161.00  0.206698E+08 0.130636E+10
     5186.00  0.237316E+08 0.122078E+10
     5211.00  0.268410E+08 0.113907E+10
     5236.00  0.299730E+08 0.106116E+10
     5261.00  0.331047E+08 0.986992E+09
     5286.00  0.362153E+08 0.916473E+09
     5311.00  0.392862E+08 0.849523E+09
     5336.00  0.423006E+08 0.786054E+09
     5361.00  0.452438E+08 0.725973E+09
     5386.00  0.481024E+08 0.669184E+09
     5411.00  0.508651E+08 0.615590E+09
     5436.00  0.535217E+08 0.565091E+09
     5461.00  0.560637E+08 0.517585E+09
     5511.00  0.607756E+08 0.431138E+09
     5561.00  0.649568E+08 0.355416E+09
     5611.00  0.685800E+08 0.289589E+09
     5661.00  0.716324E+08 0.232834E+09
     5711.00  0.741135E+08 0.184347E+09
     5761.00  0.760328E+08 0.143349E+09
     5811.00  0.774080E+08 0.109091E+09
     5861.00  0.782634E+08 0.808619E+08
     5911.00  0.786283E+08 0.579865E+08
     5961.00  0.785359E+08 0.398323E+08
     6011.00  0.780219E+08 0.258088E+08
     6061.00  0.771238E+08 0.153688E+08
     6111.00  0.758799E+08 0.800844E+07
     6161.00  0.743287E+08 0.326664E+07
     6211.00  0.725083E+08 0.724031E+06
     6261.00  0.704557E+08 0.171644E+04
     6311.00  0.682066E+08 0.759633E+06
     6361.00  0.657952E+08 0.269466E+07
     6411.00  0.632537E+08 0.553860E+07
     6461.00  0.606121E+08 0.905596E+07
     6511.00  0.578984E+08 0.130418E+08
     6561.00  0.551382E+08 0.173194E+08
     6611.00  0.523551E+08 0.217380E+08
     6661.00  0.495701E+08 0.261705E+08
     6711.00  0.468022E+08 0.305116E+08
     6761.00  0.440681E+08 0.346752E+08
     6811.00  0.413826E+08 0.385927E+08
     6861.00  0.387583E+08 0.422110E+08
     6911.00  0.362061E+08 0.454908E+08
     6961.00  0.337349E+08 0.484047E+08
     7011.00  0.313522E+08 0.509357E+08
     7061.00  0.290638E+08 0.530757E+08
     7111.00  0.268743E+08 0.548243E+08
     7161.00  0.247867E+08 0.561875E+08
     7211.00  0.228033E+08 0.571765E+08
     7261.00  0.209250E+08 0.578068E+08
     7311.00  0.191519E+08 0.580972E+08
     7361.00  0.174835E+08 0.580693E+08
     7411.00  0.159182E+08 0.577464E+08
     7511.00  0.130886E+08 0.563142E+08
     7611.00  0.106415E+08 0.540029E+08
     7711.00  0.854960E+07 0.510131E+08
     7811.00  0.678185E+07 0.475341E+08
     7911.00  0.530555E+07 0.437374E+08
     8011.00  0.408765E+07 0.397732E+08
     8111.00  0.309579E+07 0.357686E+08
     8211.00  0.229912E+07 0.318277E+08
     8311.00  0.166890E+07 0.280322E+08
     8411.00  0.117881E+07 0.244436E+08
     8511.00  0.805166E+06 0.211053E+08
     8611.00  0.526952E+06 0.180446E+08
     8711.00  0.325801E+06 0.152757E+08
     8811.00  0.185873E+06 0.128021E+08
     8911.00  0.936926E+05 0.106182E+08
     9011.00  0.379525E+05 0.871221E+07
     9111.00  0.929710E+04 0.706746E+07
     9211.00  0.100827E+03 0.566403E+07
     9311.00  0.424979E+04 0.448011E+07
     9411.00  0.169314E+05 0.349302E+07
     9511.00  0.344379E+05 0.268012E+07
     9611.00  0.539857E+05 0.201940E+07
     9711.00  0.735538E+05 0.149000E+07
     9811.00  0.917393E+05 0.107250E+07
     9911.00  0.107633E+06 0.749168E+06
    10011.00  0.120709E+06 0.504046E+06
    10111.00  0.130738E+06 0.322980E+06
    10211.00  0.137706E+06 0.193593E+06
    10311.00  0.141755E+06 0.105204E+06
    10411.00  0.143131E+06 0.487157E+05
    10511.00  0.142144E+06 0.164843E+05
    10611.00  0.139138E+06 0.217849E+04
    10711.00  0.134463E+06 0.631872E+03
    10811.00  0.128465E+06 0.769817E+04
    10911.00  0.121465E+06 0.201118E+05
    11011.00  0.113760E+06 0.353570E+05
    11111.00  0.105612E+06 0.515473E+05
    11211.00  0.972484E+05 0.673172E+05
    11311.00  0.888601E+05 0.817245E+05
    11411.00  0.806057E+05 0.941662E+05
    11511.00  0.726111E+05 0.104305E+06
    11611.00  0.649733E+05 0.112007E+06
    11711.00  0.577639E+05 0.117290E+06
    11811.00  0.510312E+05 0.120277E+06
    11911.00  0.448048E+05 0.121168E+06
    12011.00  0.390978E+05 0.120205E+06
    12111.00  0.339103E+05 0.117651E+06
    12211.00  0.292319E+05 0.113779E+06
    12311.00  0.250438E+05 0.108853E+06
    12411.00  0.213214E+05 0.103122E+06
    12511.00  0.180360E+05 0.968156E+05
    12611.00  0.151558E+05 0.901370E+05
    12711.00  0.126478E+05 0.832645E+05
    12811.00  0.104786E+05 0.763502E+05
    12911.00  0.861499E+04 0.695200E+05
    13011.00  0.702506E+04 0.628763E+05
    13111.00  0.567821E+04 0.564992E+05
    13211.00  0.454568E+04 0.504489E+05
    13311.00  0.360077E+04 0.447682E+05
    13411.00  0.281892E+04 0.394846E+05
    13511.00  0.217777E+04 0.346129E+05
    13611.00  0.165714E+04 0.301574E+05
    13711.00  0.123896E+04 0.261134E+05
    13811.00  0.907226E+03 0.224697E+05
    13911.00  0.647800E+03 0.192097E+05
    14011.00  0.448337E+03 0.163129E+05
    14111.00  0.298123E+03 0.137563E+05
    14211.00  0.187928E+03 0.115150E+05
    14311.00  0.109861E+03 0.956363E+04
    14411.00  0.572304E+02 0.787636E+04
    14511.00  0.244088E+02 0.642788E+04
    14611.00  0.670425E+01 0.519370E+04
    14711.00  0.243359E+00 0.415042E+04
    14811.00  0.186227E+01 0.327597E+04
    14911.00  0.900799E+01 0.254978E+04
    15011.00  0.196492E+02 0.195283E+04
    15111.00  0.321968E+02 0.146771E+04
    15211.00  0.454327E+02 0.107860E+04
    15311.00  0.584483E+02 0.771240E+03
    15411.00  0.705894E+02 0.532861E+03
    15511.00  0.814096E+02 0.352130E+03
    15611.00  0.906293E+02 0.219047E+03
    15711.00  0.981007E+02 0.124858E+03
    15811.00  0.103779E+03 0.619549E+02
    15911.00  0.107696E+03 0.237806E+02
    16011.00  0.109943E+03 0.473101E+01
    16111.00  0.110649E+03 0.615594E-01
    16211.00  0.109970E+03 0.579740E+01
    16311.00  0.108077E+03 0.186485E+02
    16411.00  0.105147E+03 0.359298E+02
    16511.00  0.101356E+03 0.554872E+02
    16611.00  0.968744E+02 0.756284E+02
    16711.00  0.918619E+02 0.950606E+02
    16811.00  0.864665E+02 0.112832E+03
    16911.00  0.808217E+02 0.128281E+03
    17011.00  0.750461E+02 0.140988E+03
    17111.00  0.692428E+02 0.150731E+03
    17211.00  0.634998E+02 0.157452E+03
    17311.00  0.578904E+02 0.161221E+03
    17411.00  0.524745E+02 0.162205E+03
    17511.00  0.472988E+02 0.160644E+03
    17611.00  0.423986E+02 0.156830E+03
    17711.00  0.377993E+02 0.151085E+03
    17811.00  0.335164E+02 0.143744E+03
    17911.00  0.295582E+02 0.135145E+03
    18011.00  0.259259E+02 0.125617E+03
    18111.00  0.226154E+02 0.115470E+03
    18211.00  0.196177E+02 0.104989E+03
    18311.00  0.169207E+02 0.944278E+02
    18411.00  0.145091E+02 0.840105E+02
    18511.00  0.123660E+02 0.739249E+02
    18611.00  0.104730E+02 0.643250E+02
    18711.00  0.881099E+01 0.553304E+02
    18811.00  0.736078E+01 0.470284E+02
    18911.00  0.610318E+01 0.394766E+02
    19011.00  0.501954E+01 0.327050E+02
    19111.00  0.409192E+01 0.267197E+02
    19311.00  0.263777E+01 0.170331E+02
    19511.00  0.161778E+01 0.101172E+02
    19711.00  0.927756E+00 0.550931E+01
    19911.00  0.482276E+00 0.268102E+01
    20111.00  0.213423E+00 0.111617E+01
    20311.00  0.686319E-01 0.365341E+00
    20511.00  0.824272E-02 0.764491E-01
    20711.00  0.302979E-02 0.409627E-02
    20911.00  0.319285E-01 0.201882E-02
    21111.00  0.800627E-01 0.418031E-02
    21311.00  0.137116E+00 0.125844E-03
    21511.00  0.196044E+00 0.967834E-02
    21711.00  0.252100E+00 0.609524E-01
    21911.00  0.302121E+00 0.174270E+00
    22111.00  0.344042E+00 0.353107E+00
    22311.00  0.376560E+00 0.581878E+00
    22511.00  0.398953E+00 0.829355E+00
    22711.00  0.410953E+00 0.105582E+01
    22911.00  0.412706E+00 0.122185E+01
    23111.00  0.404728E+00 0.129671E+01
    23311.00  0.387894E+00 0.126476E+01
    23511.00  0.363398E+00 0.112874E+01
    23711.00  0.332705E+00 0.909727E+00
    23911.00  0.297479E+00 0.643840E+00
    24111.00  0.259486E+00 0.376519E+00
    24311.00  0.220501E+00 0.155430E+00
    24511.00  0.182187E+00 0.231535E-01
    24711.00  0.146007E+00 0.108307E-01
    24911.00  0.113134E+00 0.133625E+00
    25111.00  0.844037E-01 0.388590E+00
    25311.00  0.602871E-01 0.755115E+00
    25511.00  0.409030E-01 0.119776E+01
    25711.00  0.260576E-01 0.167097E+01
    25911.00  0.153079E-01 0.212494E+01
    26111.00  0.804113E-02 0.251184E+01
    26311.00  0.355659E-02 0.279149E+01
    26511.00  0.114474E-02 0.293590E+01
    26711.00  0.151621E-03 0.293210E+01
    26911.00  0.253402E-04 0.278316E+01



